New buffer's length =     2048.00    
      1.95313E+00           6.92110E-03
      3.90625E+00           8.80687E-03
      5.85938E+00           9.25964E-03
      7.81250E+00           7.36786E-03
      9.76563E+00           7.22373E-03
      1.17188E+01           8.14765E-03
      1.36719E+01           7.21948E-03
      1.56250E+01           5.62704E-03
      1.75781E+01           4.88537E-03
      1.95313E+01           4.73415E-03
      2.14844E+01           4.82745E-03
      2.34375E+01           4.79414E-03
      2.53906E+01           4.59520E-03
      2.73438E+01           4.43318E-03
      2.92969E+01           4.48519E-03
      3.12500E+01           4.66104E-03
      3.32031E+01           3.52712E-03
      3.51563E+01           3.59883E-03
      3.71094E+01           3.27801E-03
      3.90625E+01           2.99238E-03
      4.10156E+01           3.23293E-03
      4.29688E+01           2.78122E-03
      4.49219E+01           2.86062E-03
      4.68750E+01           2.53952E-03
      4.88281E+01           2.57152E-03
      5.07813E+01           2.10010E-03
      5.27344E+01           1.86270E-03
      5.46875E+01           1.98660E-03
      5.66406E+01           1.98688E-03
      5.85938E+01           1.80531E-03
      6.05469E+01           1.96748E-03
      6.25000E+01           1.95700E-03
      6.44531E+01           1.69503E-03
      6.64063E+01           1.60305E-03
      6.83594E+01           1.52023E-03
      7.03125E+01           1.48534E-03
      7.22656E+01           1.49654E-03
      7.42188E+01           1.85715E-03
      7.61719E+01           1.76619E-03
      7.81250E+01           1.49909E-03
      8.00781E+01           1.68551E-03
      8.20313E+01           1.29656E-03
      8.39844E+01           1.41910E-03
      8.59375E+01           1.28108E-03
      8.78906E+01           1.16702E-03
      8.98438E+01           1.21562E-03
      9.17969E+01           1.15077E-03
      9.37500E+01           1.13486E-03
      9.57031E+01           9.55066E-04
      9.76563E+01           8.30422E-04
      9.96094E+01           1.07649E-03
      1.01563E+02           8.99694E-04
      1.03516E+02           1.12250E-03
      1.05469E+02           9.17064E-04
      1.07422E+02           9.47431E-04
      1.09375E+02           8.71924E-04
      1.11328E+02           7.48843E-04
      1.13281E+02           8.57192E-04
      1.15234E+02           7.68858E-04
      1.17188E+02           7.24404E-04
      1.19141E+02           6.89830E-04
      1.21094E+02           6.97368E-04
      1.23047E+02           7.02841E-04
      1.25000E+02           6.61518E-04
      1.26953E+02           7.50434E-04
      1.28906E+02           6.64376E-04
      1.30859E+02           6.42789E-04
      1.32813E+02           6.33797E-04
      1.34766E+02           6.15541E-04
      1.36719E+02           5.64714E-04
      1.38672E+02           6.06299E-04
      1.40625E+02           6.05384E-04
      1.42578E+02           5.40197E-04
      1.44531E+02           4.99433E-04
      1.46484E+02           5.40207E-04
      1.48438E+02           4.91007E-04
      1.50391E+02           5.08081E-04
      1.52344E+02           3.39158E-04
      1.54297E+02           4.22302E-04
      1.56250E+02           4.14036E-04
      1.58203E+02           4.43063E-04
      1.60156E+02           4.29188E-04
      1.62109E+02           4.39393E-04
      1.64063E+02           3.79910E-04
      1.66016E+02           3.32957E-04
      1.67969E+02           3.91622E-04
      1.69922E+02           4.41868E-04
      1.71875E+02           3.10004E-04
      1.73828E+02           3.47036E-04
      1.75781E+02           2.57914E-04
      1.77734E+02           3.51479E-04
      1.79688E+02           2.89539E-04
      1.81641E+02           2.98970E-04
      1.83594E+02           3.63080E-04
      1.85547E+02           3.00494E-04
      1.87500E+02           2.98701E-04
      1.89453E+02           3.29538E-04
      1.91406E+02           2.63923E-04
      1.93359E+02           2.46774E-04
      1.95313E+02           2.51706E-04
      1.97266E+02           2.58959E-04
      1.99219E+02           2.75136E-04
      2.01172E+02           2.44943E-04
      2.03125E+02           2.33244E-04
      2.05078E+02           2.08080E-04
      2.07031E+02           2.50291E-04
      2.08984E+02           2.66639E-04
      2.10938E+02           2.31665E-04
      2.12891E+02           2.17324E-04
      2.14844E+02           1.99697E-04
      2.16797E+02           2.53912E-04
      2.18750E+02           1.95848E-04
      2.20703E+02           2.01664E-04
      2.22656E+02           1.95822E-04
      2.24609E+02           2.08988E-04
      2.26563E+02           2.00865E-04
      2.28516E+02           1.96192E-04
      2.30469E+02           1.89900E-04
      2.32422E+02           1.50529E-04
      2.34375E+02           1.78158E-04
      2.36328E+02           1.71908E-04
      2.38281E+02           1.49311E-04
      2.40234E+02           1.60256E-04
      2.42188E+02           1.27319E-04
      2.44141E+02           1.53549E-04
      2.46094E+02           1.36553E-04
      2.48047E+02           1.57970E-04
      2.50000E+02           1.16847E-04
      2.51953E+02           1.41555E-04
      2.53906E+02           1.37562E-04
      2.55859E+02           1.42194E-04
      2.57813E+02           1.34287E-04
      2.59766E+02           1.19775E-04
      2.61719E+02           1.44978E-04
      2.63672E+02           1.17782E-04
      2.65625E+02           1.15264E-04
      2.67578E+02           1.16175E-04
      2.69531E+02           9.71937E-05
      2.71484E+02           1.13980E-04
      2.73438E+02           1.04664E-04
      2.75391E+02           1.12416E-04
      2.77344E+02           1.25489E-04
      2.79297E+02           9.40090E-05
      2.81250E+02           1.13290E-04
      2.83203E+02           1.05102E-04
      2.85156E+02           9.42255E-05
      2.87109E+02           8.62178E-05
      2.89063E+02           8.84305E-05
      2.91016E+02           8.44673E-05
      2.92969E+02           9.55454E-05
      2.94922E+02           8.94862E-05
      2.96875E+02           8.65742E-05
      2.98828E+02           7.89450E-05
      3.00781E+02           8.42648E-05
      3.02734E+02           8.06587E-05
      3.04688E+02           8.28027E-05
      3.06641E+02           8.05309E-05
      3.08594E+02           6.24198E-05
      3.10547E+02           7.80564E-05
      3.12500E+02           7.40508E-05
      3.14453E+02           7.64553E-05
      3.16406E+02           6.92331E-05
      3.18359E+02           6.91300E-05
      3.20313E+02           7.26075E-05
      3.22266E+02           6.09999E-05
      3.24219E+02           6.48944E-05
      3.26172E+02           6.09140E-05
      3.28125E+02           6.31245E-05
      3.30078E+02           7.03118E-05
      3.32031E+02           5.26971E-05
      3.33984E+02           5.65484E-05
      3.35938E+02           7.02627E-05
      3.37891E+02           5.81831E-05
      3.39844E+02           5.13060E-05
      3.41797E+02           4.86892E-05
      3.43750E+02           5.60796E-05
      3.45703E+02           4.86988E-05
      3.47656E+02           5.48164E-05
      3.49609E+02           4.89034E-05
      3.51563E+02           4.82122E-05
      3.53516E+02           4.40455E-05
      3.55469E+02           5.01320E-05
      3.57422E+02           4.29666E-05
      3.59375E+02           4.57648E-05
      3.61328E+02           4.51107E-05
      3.63281E+02           4.29549E-05
      3.65234E+02           5.00419E-05
      3.67188E+02           4.56354E-05
      3.69141E+02           4.73970E-05
      3.71094E+02           3.44458E-05
      3.73047E+02           4.24039E-05
      3.75000E+02           3.58278E-05
      3.76953E+02           3.08654E-05
      3.78906E+02           3.30019E-05
      3.80859E+02           3.95147E-05
      3.82813E+02           3.67137E-05
      3.84766E+02           2.91483E-05
      3.86719E+02           3.47543E-05
      3.88672E+02           3.68073E-05
      3.90625E+02           3.01899E-05
      3.92578E+02           3.03363E-05
      3.94531E+02           3.49855E-05
      3.96484E+02           3.09321E-05
      3.98438E+02           3.46989E-05
      4.00391E+02           3.54466E-05
      4.02344E+02           3.01941E-05
      4.04297E+02           2.81177E-05
      4.06250E+02           2.54311E-05
      4.08203E+02           2.67603E-05
      4.10156E+02           3.14624E-05
      4.12109E+02           2.18648E-05
      4.14063E+02           2.62540E-05
      4.16016E+02           2.96959E-05
      4.17969E+02           2.46754E-05
      4.19922E+02           2.82161E-05
      4.21875E+02           3.31763E-05
      4.23828E+02           2.48144E-05
      4.25781E+02           2.24802E-05
      4.27734E+02           2.29663E-05
      4.29688E+02           2.24177E-05
      4.31641E+02           2.73909E-05
      4.33594E+02           2.71312E-05
      4.35547E+02           2.37382E-05
      4.37500E+02           1.82256E-05
      4.39453E+02           2.15701E-05
      4.41406E+02           2.14545E-05
      4.43359E+02           2.14127E-05
      4.45313E+02           2.09530E-05
      4.47266E+02           1.80542E-05
      4.49219E+02           2.06562E-05
      4.51172E+02           2.02560E-05
      4.53125E+02           2.03452E-05
      4.55078E+02           2.23862E-05
      4.57031E+02           2.21734E-05
      4.58984E+02           2.01380E-05
      4.60938E+02           2.03522E-05
      4.62891E+02           2.01993E-05
      4.64844E+02           1.71890E-05
      4.66797E+02           1.69574E-05
      4.68750E+02           1.96227E-05
      4.70703E+02           1.73849E-05
      4.72656E+02           1.54536E-05
      4.74609E+02           1.48483E-05
      4.76563E+02           1.87924E-05
      4.78516E+02           1.68711E-05
      4.80469E+02           1.51772E-05
      4.82422E+02           1.51261E-05
      4.84375E+02           1.39002E-05
      4.86328E+02           1.45770E-05
      4.88281E+02           1.64382E-05
      4.90234E+02           1.50980E-05
      4.92188E+02           1.34395E-05
      4.94141E+02           1.40779E-05
      4.96094E+02           1.14324E-05
      4.98047E+02           1.25175E-05
      5.00000E+02           1.21253E-05
      5.01953E+02           1.20387E-05
      5.03906E+02           1.25557E-05
      5.05859E+02           1.14839E-05
      5.07813E+02           1.43040E-05
      5.09766E+02           1.14082E-05
      5.11719E+02           1.23691E-05
      5.13672E+02           1.11949E-05
      5.15625E+02           1.18818E-05
      5.17578E+02           1.15030E-05
      5.19531E+02           1.48734E-05
      5.21484E+02           1.07918E-05
      5.23438E+02           1.03543E-05
      5.25391E+02           1.25168E-05
      5.27344E+02           1.23788E-05
      5.29297E+02           1.00699E-05
      5.31250E+02           1.00621E-05
      5.33203E+02           1.10323E-05
      5.35156E+02           8.87010E-06
      5.37109E+02           9.76726E-06
      5.39063E+02           1.01671E-05
      5.41016E+02           7.85666E-06
      5.42969E+02           9.08551E-06
      5.44922E+02           9.49161E-06
      5.46875E+02           9.92477E-06
      5.48828E+02           7.48795E-06
      5.50781E+02           9.06414E-06
      5.52734E+02           9.96956E-06
      5.54688E+02           9.21242E-06
      5.56641E+02           8.71012E-06
      5.58594E+02           8.66780E-06
      5.60547E+02           7.53640E-06
      5.62500E+02           7.94987E-06
      5.64453E+02           7.06416E-06
      5.66406E+02           8.77675E-06
      5.68359E+02           7.01114E-06
      5.70313E+02           7.27062E-06
      5.72266E+02           7.87454E-06
      5.74219E+02           7.60997E-06
      5.76172E+02           7.83513E-06
      5.78125E+02           7.63201E-06
      5.80078E+02           6.26626E-06
      5.82031E+02           6.59968E-06
      5.83984E+02           6.63882E-06
      5.85938E+02           6.53215E-06
      5.87891E+02           6.20236E-06
      5.89844E+02           6.19596E-06
      5.91797E+02           6.30632E-06
      5.93750E+02           5.24623E-06
      5.95703E+02           6.80006E-06
      5.97656E+02           5.36128E-06
      5.99609E+02           5.57136E-06
      6.01563E+02           4.89395E-06
      6.03516E+02           5.62196E-06
      6.05469E+02           5.44994E-06
      6.07422E+02           5.05283E-06
      6.09375E+02           5.65509E-06
      6.11328E+02           6.21627E-06
      6.13281E+02           4.62089E-06
      6.15234E+02           4.86995E-06
      6.17188E+02           5.57191E-06
      6.19141E+02           5.97269E-06
      6.21094E+02           4.98074E-06
      6.23047E+02           5.46416E-06
      6.25000E+02           4.93327E-06
      6.26953E+02           3.88054E-06
      6.28906E+02           5.07335E-06
      6.30859E+02           5.98112E-06
      6.32813E+02           5.37945E-06
      6.34766E+02           4.31026E-06
      6.36719E+02           5.18315E-06
      6.38672E+02           4.73459E-06
      6.40625E+02           5.04597E-06
      6.42578E+02           5.47659E-06
      6.44531E+02           4.33490E-06
      6.46484E+02           4.06573E-06
      6.48438E+02           4.46041E-06
      6.50391E+02           3.81326E-06
      6.52344E+02           3.49667E-06
      6.54297E+02           4.70092E-06
      6.56250E+02           4.24554E-06
      6.58203E+02           3.61978E-06
      6.60156E+02           3.56407E-06
      6.62109E+02           4.51077E-06
      6.64063E+02           3.97362E-06
      6.66016E+02           3.33412E-06
      6.67969E+02           3.68298E-06
      6.69922E+02           3.37117E-06
      6.71875E+02           3.19309E-06
      6.73828E+02           3.15145E-06
      6.75781E+02           3.46962E-06
      6.77734E+02           3.62876E-06
      6.79688E+02           2.93033E-06
      6.81641E+02           2.94595E-06
      6.83594E+02           3.46204E-06
      6.85547E+02           2.73043E-06
      6.87500E+02           3.56373E-06
      6.89453E+02           3.19085E-06
      6.91406E+02           3.77506E-06
      6.93359E+02           2.93651E-06
      6.95313E+02           3.10763E-06
      6.97266E+02           3.21446E-06
      6.99219E+02           2.75532E-06
      7.01172E+02           2.48236E-06
      7.03125E+02           2.58860E-06
      7.05078E+02           2.64653E-06
      7.07031E+02           3.46540E-06
      7.08984E+02           2.32503E-06
      7.10938E+02           2.61253E-06
      7.12891E+02           2.84436E-06
      7.14844E+02           2.89710E-06
      7.16797E+02           2.71383E-06
      7.18750E+02           2.41356E-06
      7.20703E+02           2.59713E-06
      7.22656E+02           1.93889E-06
      7.24609E+02           2.26146E-06
      7.26563E+02           2.24387E-06
      7.28516E+02           2.22911E-06
      7.30469E+02           2.43068E-06
      7.32422E+02           2.60941E-06
      7.34375E+02           2.03403E-06
      7.36328E+02           2.57209E-06
      7.38281E+02           2.01055E-06
      7.40234E+02           2.10161E-06
      7.42188E+02           2.10277E-06
      7.44141E+02           2.24189E-06
      7.46094E+02           2.18875E-06
      7.48047E+02           2.04839E-06
      7.50000E+02           2.30520E-06
      7.51953E+02           2.19915E-06
      7.53906E+02           2.22867E-06
      7.55859E+02           2.15117E-06
      7.57813E+02           1.86323E-06
      7.59766E+02           2.28221E-06
      7.61719E+02           2.31824E-06
      7.63672E+02           1.94103E-06
      7.65625E+02           2.08962E-06
      7.67578E+02           1.77400E-06
      7.69531E+02           2.05308E-06
      7.71484E+02           1.89867E-06
      7.73438E+02           2.22015E-06
      7.75391E+02           1.64219E-06
      7.77344E+02           2.28684E-06
      7.79297E+02           1.93959E-06
      7.81250E+02           1.68752E-06
      7.83203E+02           1.54493E-06
      7.85156E+02           1.58227E-06
      7.87109E+02           1.72946E-06
      7.89063E+02           1.57578E-06
      7.91016E+02           1.72281E-06
      7.92969E+02           1.66533E-06
      7.94922E+02           1.87654E-06
      7.96875E+02           1.47825E-06
      7.98828E+02           1.56173E-06
      8.00781E+02           1.49073E-06
      8.02734E+02           1.35754E-06
      8.04688E+02           1.89299E-06
      8.06641E+02           1.53206E-06
      8.08594E+02           1.46181E-06
      8.10547E+02           1.50278E-06
      8.12500E+02           1.67667E-06
      8.14453E+02           1.40918E-06
      8.16406E+02           1.27581E-06
      8.18359E+02           1.34049E-06
      8.20313E+02           1.32281E-06
      8.22266E+02           1.57958E-06
      8.24219E+02           1.46886E-06
      8.26172E+02           1.35165E-06
      8.28125E+02           1.18192E-06
      8.30078E+02           1.11886E-06
      8.32031E+02           1.22423E-06
      8.33984E+02           1.40348E-06
      8.35938E+02           1.53547E-06
      8.37891E+02           1.09168E-06
      8.39844E+02           1.18573E-06
      8.41797E+02           1.05867E-06
      8.43750E+02           1.10590E-06
      8.45703E+02           1.17061E-06
      8.47656E+02           1.08444E-06
      8.49609E+02           1.06435E-06
      8.51563E+02           9.65234E-07
      8.53516E+02           1.10252E-06
      8.55469E+02           1.03676E-06
      8.57422E+02           9.35317E-07
      8.59375E+02           1.14760E-06
      8.61328E+02           1.02708E-06
      8.63281E+02           1.06903E-06
      8.65234E+02           8.46093E-07
      8.67188E+02           1.13024E-06
      8.69141E+02           9.47448E-07
      8.71094E+02           1.09341E-06
      8.73047E+02           1.00300E-06
      8.75000E+02           8.68296E-07
      8.76953E+02           1.01118E-06
      8.78906E+02           9.64525E-07
      8.80859E+02           1.05280E-06
      8.82813E+02           9.01629E-07
      8.84766E+02           7.31778E-07
      8.86719E+02           8.98186E-07
      8.88672E+02           1.02416E-06
      8.90625E+02           9.62659E-07
      8.92578E+02           9.16665E-07
      8.94531E+02           8.38295E-07
      8.96484E+02           9.04815E-07
      8.98438E+02           6.98691E-07
      9.00391E+02           8.92397E-07
      9.02344E+02           8.46666E-07
      9.04297E+02           9.67969E-07
      9.06250E+02           9.54427E-07
      9.08203E+02           8.92108E-07
      9.10156E+02           8.63556E-07
      9.12109E+02           8.48247E-07
      9.14063E+02           8.17499E-07
      9.16016E+02           7.09128E-07
      9.17969E+02           6.29423E-07
      9.19922E+02           7.38302E-07
      9.21875E+02           6.70418E-07
      9.23828E+02           7.93269E-07
      9.25781E+02           6.51095E-07
      9.27734E+02           7.31200E-07
      9.29688E+02           8.19029E-07
      9.31641E+02           7.35957E-07
      9.33594E+02           7.46731E-07
      9.35547E+02           6.94548E-07
      9.37500E+02           7.39599E-07
      9.39453E+02           5.60005E-07
      9.41406E+02           5.83801E-07
      9.43359E+02           6.40328E-07
      9.45313E+02           5.92265E-07
      9.47266E+02           5.58253E-07
      9.49219E+02           6.20088E-07
      9.51172E+02           5.28402E-07
      9.53125E+02           6.94985E-07
      9.55078E+02           6.13884E-07
      9.57031E+02           6.17149E-07
      9.58984E+02           6.09956E-07
      9.60938E+02           5.67397E-07
      9.62891E+02           5.47928E-07
      9.64844E+02           5.54427E-07
      9.66797E+02           6.34569E-07
      9.68750E+02           6.45311E-07
      9.70703E+02           5.90144E-07
      9.72656E+02           5.52481E-07
      9.74609E+02           5.12267E-07
      9.76563E+02           5.24640E-07
      9.78516E+02           5.13954E-07
      9.80469E+02           5.71680E-07
      9.82422E+02           4.85661E-07
      9.84375E+02           5.20906E-07
      9.86328E+02           5.45816E-07
      9.88281E+02           4.45512E-07
      9.90234E+02           5.55323E-07
      9.92188E+02           4.50558E-07
      9.94141E+02           4.51667E-07
      9.96094E+02           5.45179E-07
      9.98047E+02           5.07894E-07
      1.00000E+03           3.90086E-07
      1.00195E+03           3.86416E-07
      1.00391E+03           5.70415E-07
      1.00586E+03           4.39361E-07
      1.00781E+03           4.67922E-07
      1.00977E+03           4.83834E-07
      1.01172E+03           4.08564E-07
      1.01367E+03           4.58220E-07
      1.01563E+03           3.97721E-07
      1.01758E+03           4.19123E-07
      1.01953E+03           4.68966E-07
      1.02148E+03           3.66549E-07
      1.02344E+03           4.68118E-07
      1.02539E+03           3.14204E-07
      1.02734E+03           4.16987E-07
      1.02930E+03           3.58365E-07
      1.03125E+03           3.74626E-07
      1.03320E+03           4.11259E-07
      1.03516E+03           4.56960E-07
      1.03711E+03           3.60603E-07
      1.03906E+03           3.22057E-07
      1.04102E+03           3.52541E-07
      1.04297E+03           3.31442E-07
      1.04492E+03           2.93345E-07
      1.04688E+03           3.39594E-07
      1.04883E+03           3.57408E-07
      1.05078E+03           3.29355E-07
      1.05273E+03           3.42291E-07
      1.05469E+03           3.37593E-07
      1.05664E+03           2.92923E-07
      1.05859E+03           2.85594E-07
      1.06055E+03           3.07083E-07
      1.06250E+03           2.77531E-07
      1.06445E+03           2.75291E-07
      1.06641E+03           3.15000E-07
      1.06836E+03           3.01079E-07
      1.07031E+03           3.18947E-07
      1.07227E+03           3.13715E-07
      1.07422E+03           2.91863E-07
      1.07617E+03           2.85140E-07
      1.07813E+03           2.85597E-07
      1.08008E+03           3.06527E-07
      1.08203E+03           2.98251E-07
      1.08398E+03           3.10304E-07
      1.08594E+03           2.60515E-07
      1.08789E+03           2.34700E-07
      1.08984E+03           2.53033E-07
      1.09180E+03           1.92351E-07
      1.09375E+03           2.64106E-07
      1.09570E+03           2.82516E-07
      1.09766E+03           2.39984E-07
      1.09961E+03           2.50299E-07
      1.10156E+03           2.88055E-07
      1.10352E+03           2.57908E-07
      1.10547E+03           2.69722E-07
      1.10742E+03           2.17264E-07
      1.10938E+03           2.86189E-07
      1.11133E+03           2.11079E-07
      1.11328E+03           2.04696E-07
      1.11523E+03           2.27676E-07
      1.11719E+03           2.15441E-07
      1.11914E+03           1.78170E-07
      1.12109E+03           1.98685E-07
      1.12305E+03           2.12944E-07
      1.12500E+03           2.54778E-07
      1.12695E+03           2.40546E-07
      1.12891E+03           2.47543E-07
      1.13086E+03           2.50194E-07
      1.13281E+03           2.42254E-07
      1.13477E+03           2.34000E-07
      1.13672E+03           1.74140E-07
      1.13867E+03           1.89065E-07
      1.14063E+03           2.03492E-07
      1.14258E+03           1.88421E-07
      1.14453E+03           2.06523E-07
      1.14648E+03           2.18520E-07
      1.14844E+03           2.26236E-07
      1.15039E+03           2.14563E-07
      1.15234E+03           2.15568E-07
      1.15430E+03           2.05345E-07
      1.15625E+03           1.86244E-07
      1.15820E+03           2.01073E-07
      1.16016E+03           1.87149E-07
      1.16211E+03           1.92884E-07
      1.16406E+03           2.15692E-07
      1.16602E+03           1.61936E-07
      1.16797E+03           1.67558E-07
      1.16992E+03           1.80604E-07
      1.17188E+03           1.91981E-07
      1.17383E+03           1.62669E-07
      1.17578E+03           1.50667E-07
      1.17773E+03           1.82390E-07
      1.17969E+03           1.53253E-07
      1.18164E+03           1.51138E-07
      1.18359E+03           1.84080E-07
      1.18555E+03           1.50991E-07
      1.18750E+03           1.74707E-07
      1.18945E+03           1.71459E-07
      1.19141E+03           1.63062E-07
      1.19336E+03           1.42501E-07
      1.19531E+03           1.56432E-07
      1.19727E+03           1.56911E-07
      1.19922E+03           1.37662E-07
      1.20117E+03           1.51995E-07
      1.20313E+03           1.51814E-07
      1.20508E+03           1.56984E-07
      1.20703E+03           1.37117E-07
      1.20898E+03           1.46389E-07
      1.21094E+03           1.19112E-07
      1.21289E+03           1.37346E-07
      1.21484E+03           1.26844E-07
      1.21680E+03           1.57324E-07
      1.21875E+03           1.33755E-07
      1.22070E+03           1.37013E-07
      1.22266E+03           1.17652E-07
      1.22461E+03           1.54531E-07
      1.22656E+03           1.11688E-07
      1.22852E+03           1.60303E-07
      1.23047E+03           1.21031E-07
      1.23242E+03           1.31989E-07
      1.23438E+03           1.07489E-07
      1.23633E+03           1.19313E-07
      1.23828E+03           1.31321E-07
      1.24023E+03           1.08828E-07
      1.24219E+03           1.10916E-07
      1.24414E+03           1.19447E-07
      1.24609E+03           1.10357E-07
      1.24805E+03           1.07404E-07
      1.25000E+03           1.18932E-07
      1.25195E+03           9.22328E-08
      1.25391E+03           1.04280E-07
      1.25586E+03           1.16224E-07
      1.25781E+03           1.16288E-07
      1.25977E+03           1.06783E-07
      1.26172E+03           1.24198E-07
      1.26367E+03           9.72232E-08
      1.26563E+03           1.06247E-07
      1.26758E+03           1.24048E-07
      1.26953E+03           1.02090E-07
      1.27148E+03           1.26750E-07
      1.27344E+03           1.09271E-07
      1.27539E+03           1.06960E-07
      1.27734E+03           9.43295E-08
      1.27930E+03           1.04412E-07
      1.28125E+03           1.08117E-07
      1.28320E+03           1.07515E-07
      1.28516E+03           1.12670E-07
      1.28711E+03           1.14810E-07
      1.28906E+03           1.11763E-07
      1.29102E+03           1.01117E-07
      1.29297E+03           6.99185E-08
      1.29492E+03           7.49894E-08
      1.29688E+03           8.19141E-08
      1.29883E+03           9.87282E-08
      1.30078E+03           8.17779E-08
      1.30273E+03           9.91683E-08
      1.30469E+03           9.50508E-08
      1.30664E+03           8.22031E-08
      1.30859E+03           8.76352E-08
      1.31055E+03           1.04734E-07
      1.31250E+03           9.37022E-08
      1.31445E+03           8.58774E-08
      1.31641E+03           8.94783E-08
      1.31836E+03           8.93397E-08
      1.32031E+03           7.54879E-08
      1.32227E+03           9.35695E-08
      1.32422E+03           9.19350E-08
      1.32617E+03           8.12495E-08
      1.32813E+03           8.37865E-08
      1.33008E+03           9.80489E-08
      1.33203E+03           7.99643E-08
      1.33398E+03           8.38655E-08
      1.33594E+03           7.88440E-08
      1.33789E+03           7.59291E-08
      1.33984E+03           7.68573E-08
      1.34180E+03           7.28129E-08
      1.34375E+03           7.47701E-08
      1.34570E+03           7.95761E-08
      1.34766E+03           7.19487E-08
      1.34961E+03           7.05023E-08
      1.35156E+03           8.11543E-08
      1.35352E+03           6.79393E-08
      1.35547E+03           8.84495E-08
      1.35742E+03           7.06293E-08
      1.35938E+03           7.50822E-08
      1.36133E+03           6.14944E-08
      1.36328E+03           6.98010E-08
      1.36523E+03           7.26714E-08
      1.36719E+03           7.42818E-08
      1.36914E+03           5.89982E-08
      1.37109E+03           7.34095E-08
      1.37305E+03           7.63701E-08
      1.37500E+03           6.43073E-08
      1.37695E+03           5.58450E-08
      1.37891E+03           7.51772E-08
      1.38086E+03           6.24235E-08
      1.38281E+03           6.62953E-08
      1.38477E+03           6.43508E-08
      1.38672E+03           6.84831E-08
      1.38867E+03           6.69839E-08
      1.39063E+03           6.39196E-08
      1.39258E+03           5.76897E-08
      1.39453E+03           5.15134E-08
      1.39648E+03           5.99981E-08
      1.39844E+03           5.62099E-08
      1.40039E+03           5.55527E-08
      1.40234E+03           6.25352E-08
      1.40430E+03           5.57936E-08
      1.40625E+03           5.72747E-08
      1.40820E+03           6.68698E-08
      1.41016E+03           6.36227E-08
      1.41211E+03           4.83138E-08
      1.41406E+03           5.53030E-08
      1.41602E+03           6.42020E-08
      1.41797E+03           6.04088E-08
      1.41992E+03           5.66850E-08
      1.42188E+03           4.90847E-08
      1.42383E+03           4.91013E-08
      1.42578E+03           5.33692E-08
      1.42773E+03           4.98873E-08
      1.42969E+03           5.42504E-08
      1.43164E+03           4.85335E-08
      1.43359E+03           4.94944E-08
      1.43555E+03           4.20051E-08
      1.43750E+03           4.27538E-08
      1.43945E+03           5.56096E-08
      1.44141E+03           4.58176E-08
      1.44336E+03           5.16088E-08
      1.44531E+03           4.90859E-08
      1.44727E+03           4.49513E-08
      1.44922E+03           4.87196E-08
      1.45117E+03           4.27010E-08
      1.45313E+03           5.28094E-08
      1.45508E+03           4.01167E-08
      1.45703E+03           4.31828E-08
      1.45898E+03           5.24261E-08
      1.46094E+03           4.57466E-08
      1.46289E+03           4.54278E-08
      1.46484E+03           3.82400E-08
      1.46680E+03           4.12117E-08
      1.46875E+03           3.82717E-08
      1.47070E+03           4.14847E-08
      1.47266E+03           3.49528E-08
      1.47461E+03           4.10401E-08
      1.47656E+03           3.88563E-08
      1.47852E+03           3.85163E-08
      1.48047E+03           3.80404E-08
      1.48242E+03           3.79055E-08
      1.48438E+03           3.37007E-08
      1.48633E+03           4.47054E-08
      1.48828E+03           3.78631E-08
      1.49023E+03           3.62635E-08
      1.49219E+03           3.88319E-08
      1.49414E+03           4.06459E-08
      1.49609E+03           3.81985E-08
      1.49805E+03           3.43291E-08
      1.50000E+03           3.76754E-08
      1.50195E+03           3.28731E-08
      1.50391E+03           3.46660E-08
      1.50586E+03           3.49631E-08
      1.50781E+03           3.37163E-08
      1.50977E+03           3.86803E-08
      1.51172E+03           3.51672E-08
      1.51367E+03           3.40081E-08
      1.51563E+03           3.59553E-08
      1.51758E+03           3.27478E-08
      1.51953E+03           3.82939E-08
      1.52148E+03           3.10293E-08
      1.52344E+03           3.29344E-08
      1.52539E+03           3.53696E-08
      1.52734E+03           3.15270E-08
      1.52930E+03           3.38334E-08
      1.53125E+03           2.72433E-08
      1.53320E+03           2.36803E-08
      1.53516E+03           3.24555E-08
      1.53711E+03           2.68955E-08
      1.53906E+03           2.89658E-08
      1.54102E+03           3.05308E-08
      1.54297E+03           2.61250E-08
      1.54492E+03           3.72202E-08
      1.54688E+03           3.29603E-08
      1.54883E+03           3.07420E-08
      1.55078E+03           2.45611E-08
      1.55273E+03           2.68193E-08
      1.55469E+03           2.88072E-08
      1.55664E+03           2.53962E-08
      1.55859E+03           1.92308E-08
      1.56055E+03           2.76706E-08
      1.56250E+03           2.62653E-08
      1.56445E+03           2.48164E-08
      1.56641E+03           2.70706E-08
      1.56836E+03           2.83850E-08
      1.57031E+03           2.68425E-08
      1.57227E+03           2.96923E-08
      1.57422E+03           2.73186E-08
      1.57617E+03           2.60624E-08
      1.57813E+03           2.16998E-08
      1.58008E+03           2.50620E-08
      1.58203E+03           2.24821E-08
      1.58398E+03           2.87418E-08
      1.58594E+03           1.87702E-08
      1.58789E+03           2.29262E-08
      1.58984E+03           2.53826E-08
      1.59180E+03           2.12364E-08
      1.59375E+03           2.22401E-08
      1.59570E+03           2.27802E-08
      1.59766E+03           1.80465E-08
      1.59961E+03           2.24527E-08
      1.60156E+03           4.56811E-08
      1.60352E+03           6.48820E-08
      1.60547E+03           4.21212E-08
      1.60742E+03           3.29123E-08
      1.60938E+03           2.16219E-08
      1.61133E+03           2.17536E-08
      1.61328E+03           2.43031E-08
      1.61523E+03           2.53401E-08
      1.61719E+03           1.77862E-08
      1.61914E+03           2.09161E-08
      1.62109E+03           1.84831E-08
      1.62305E+03           2.26987E-08
      1.62500E+03           1.84608E-08
      1.62695E+03           2.04474E-08
      1.62891E+03           1.91706E-08
      1.63086E+03           1.58190E-08
      1.63281E+03           2.27536E-08
      1.63477E+03           1.92910E-08
      1.63672E+03           1.88457E-08
      1.63867E+03           1.72415E-08
      1.64063E+03           1.60136E-08
      1.64258E+03           1.84575E-08
      1.64453E+03           2.02031E-08
      1.64648E+03           1.81774E-08
      1.64844E+03           2.12249E-08
      1.65039E+03           2.24510E-08
      1.65234E+03           1.95687E-08
      1.65430E+03           2.00629E-08
      1.65625E+03           1.64071E-08
      1.65820E+03           1.63585E-08
      1.66016E+03           1.84066E-08
      1.66211E+03           1.79301E-08
      1.66406E+03           2.02675E-08
      1.66602E+03           1.88163E-08
      1.66797E+03           1.79637E-08
      1.66992E+03           1.59430E-08
      1.67188E+03           1.42871E-08
      1.67383E+03           1.54521E-08
      1.67578E+03           2.03414E-08
      1.67773E+03           1.55047E-08
      1.67969E+03           1.55809E-08
      1.68164E+03           1.63456E-08
      1.68359E+03           1.66558E-08
      1.68555E+03           1.76866E-08
      1.68750E+03           1.37994E-08
      1.68945E+03           1.48773E-08
      1.69141E+03           1.43266E-08
      1.69336E+03           1.57320E-08
      1.69531E+03           1.59058E-08
      1.69727E+03           1.56475E-08
      1.69922E+03           1.58357E-08
      1.70117E+03           1.37822E-08
      1.70313E+03           1.84293E-08
      1.70508E+03           1.48665E-08
      1.70703E+03           1.61849E-08
      1.70898E+03           1.77423E-08
      1.71094E+03           1.42998E-08
      1.71289E+03           1.33900E-08
      1.71484E+03           1.59843E-08
      1.71680E+03           1.52238E-08
      1.71875E+03           1.49387E-08
      1.72070E+03           1.48515E-08
      1.72266E+03           1.65720E-08
      1.72461E+03           1.37320E-08
      1.72656E+03           1.48184E-08
      1.72852E+03           1.35500E-08
      1.73047E+03           1.46047E-08
      1.73242E+03           1.46401E-08
      1.73438E+03           1.41958E-08
      1.73633E+03           1.14355E-08
      1.73828E+03           1.03466E-08
      1.74023E+03           1.36776E-08
      1.74219E+03           1.22627E-08
      1.74414E+03           1.20280E-08
      1.74609E+03           1.13888E-08
      1.74805E+03           1.06755E-08
      1.75000E+03           1.15602E-08
      1.75195E+03           1.36787E-08
      1.75391E+03           1.21518E-08
      1.75586E+03           1.14674E-08
      1.75781E+03           1.05724E-08
      1.75977E+03           1.26741E-08
      1.76172E+03           1.38454E-08
      1.76367E+03           1.18414E-08
      1.76563E+03           1.34485E-08
      1.76758E+03           1.06699E-08
      1.76953E+03           1.07831E-08
      1.77148E+03           1.18511E-08
      1.77344E+03           1.07526E-08
      1.77539E+03           1.16321E-08
      1.77734E+03           1.39288E-08
      1.77930E+03           1.17692E-08
      1.78125E+03           1.00910E-08
      1.78320E+03           1.21803E-08
      1.78516E+03           1.20543E-08
      1.78711E+03           1.13930E-08
      1.78906E+03           1.15919E-08
      1.79102E+03           9.87833E-09
      1.79297E+03           9.34402E-09
      1.79492E+03           1.05650E-08
      1.79688E+03           8.84044E-09
      1.79883E+03           8.95579E-09
      1.80078E+03           8.97790E-09
      1.80273E+03           1.00556E-08
      1.80469E+03           9.62105E-09
      1.80664E+03           9.57809E-09
      1.80859E+03           8.49385E-09
      1.81055E+03           8.83138E-09
      1.81250E+03           9.48080E-09
      1.81445E+03           9.62120E-09
      1.81641E+03           9.59726E-09
      1.81836E+03           1.06928E-08
      1.82031E+03           1.15775E-08
      1.82227E+03           8.61090E-09
      1.82422E+03           7.88555E-09
      1.82617E+03           8.75521E-09
      1.82813E+03           8.34453E-09
      1.83008E+03           9.96599E-09
      1.83203E+03           9.53745E-09
      1.83398E+03           9.21825E-09
      1.83594E+03           8.78813E-09
      1.83789E+03           8.34526E-09
      1.83984E+03           8.80137E-09
      1.84180E+03           9.55119E-09
      1.84375E+03           8.44192E-09
      1.84570E+03           8.25683E-09
      1.84766E+03           8.72672E-09
      1.84961E+03           7.41997E-09
      1.85156E+03           9.96441E-09
      1.85352E+03           9.86174E-09
      1.85547E+03           8.90387E-09
      1.85742E+03           7.88110E-09
      1.85938E+03           7.99241E-09
      1.86133E+03           6.77865E-09
      1.86328E+03           7.93640E-09
      1.86523E+03           7.31694E-09
      1.86719E+03           8.57352E-09
      1.86914E+03           7.37850E-09
      1.87109E+03           7.69565E-09
      1.87305E+03           8.47357E-09
      1.87500E+03           6.99932E-09
      1.87695E+03           7.77615E-09
      1.87891E+03           7.66900E-09
      1.88086E+03           7.15236E-09
      1.88281E+03           6.09806E-09
      1.88477E+03           5.94945E-09
      1.88672E+03           6.46928E-09
      1.88867E+03           6.22220E-09
      1.89063E+03           6.56995E-09
      1.89258E+03           5.91443E-09
      1.89453E+03           8.02850E-09
      1.89648E+03           6.97666E-09
      1.89844E+03           7.10537E-09
      1.90039E+03           6.39989E-09
      1.90234E+03           6.56273E-09
      1.90430E+03           6.07964E-09
      1.90625E+03           6.36846E-09
      1.90820E+03           6.02516E-09
      1.91016E+03           6.17734E-09
      1.91211E+03           5.82203E-09
      1.91406E+03           6.04784E-09
      1.91602E+03           6.98496E-09
      1.91797E+03           6.75623E-09
      1.91992E+03           5.70961E-09
      1.92188E+03           5.93525E-09
      1.92383E+03           5.22038E-09
      1.92578E+03           5.66035E-09
      1.92773E+03           6.12903E-09
      1.92969E+03           6.26994E-09
      1.93164E+03           7.11207E-09
      1.93359E+03           5.76253E-09
      1.93555E+03           5.49819E-09
      1.93750E+03           7.57029E-09
      1.93945E+03           6.28198E-09
      1.94141E+03           5.43731E-09
      1.94336E+03           5.78487E-09
      1.94531E+03           6.03662E-09
      1.94727E+03           5.63855E-09
      1.94922E+03           5.55820E-09
      1.95117E+03           5.60275E-09
      1.95313E+03           5.45034E-09
      1.95508E+03           4.59809E-09
      1.95703E+03           6.24858E-09
      1.95898E+03           5.80486E-09
      1.96094E+03           4.25149E-09
      1.96289E+03           5.69262E-09
      1.96484E+03           5.21658E-09
      1.96680E+03           5.21258E-09
      1.96875E+03           5.35104E-09
      1.97070E+03           4.25395E-09
      1.97266E+03           5.21556E-09
      1.97461E+03           5.23474E-09
      1.97656E+03           4.43589E-09
      1.97852E+03           5.01981E-09
      1.98047E+03           4.79021E-09
      1.98242E+03           4.77901E-09
      1.98438E+03           5.56977E-09
      1.98633E+03           4.58713E-09
      1.98828E+03           5.15743E-09
      1.99023E+03           4.44488E-09
      1.99219E+03           4.25839E-09
      1.99414E+03           4.24862E-09
      1.99609E+03           4.56710E-09
      1.99805E+03           4.66224E-09
      2.00000E+03           5.74140E-09
      2.00195E+03           5.23357E-09
      2.00391E+03           4.50361E-09
      2.00586E+03           4.26177E-09
      2.00781E+03           4.21965E-09
      2.00977E+03           3.66085E-09
      2.01172E+03           4.82271E-09
      2.01367E+03           4.97829E-09
      2.01563E+03           5.17721E-09
      2.01758E+03           4.43130E-09
      2.01953E+03           5.14013E-09
      2.02148E+03           4.91211E-09
      2.02344E+03           4.49778E-09
      2.02539E+03           3.90890E-09
      2.02734E+03           4.50599E-09
      2.02930E+03           4.52894E-09
      2.03125E+03           5.30589E-09
      2.03320E+03           4.38533E-09
      2.03516E+03           4.74544E-09
      2.03711E+03           4.75423E-09
      2.03906E+03           4.44461E-09
      2.04102E+03           4.37029E-09
      2.04297E+03           4.44136E-09
      2.04492E+03           3.93158E-09
      2.04688E+03           3.65963E-09
      2.04883E+03           4.26775E-09
      2.05078E+03           3.89292E-09
      2.05273E+03           4.43153E-09
      2.05469E+03           3.87901E-09
      2.05664E+03           3.53956E-09
      2.05859E+03           4.11090E-09
      2.06055E+03           3.69875E-09
      2.06250E+03           4.07906E-09
      2.06445E+03           3.53208E-09
      2.06641E+03           4.40174E-09
      2.06836E+03           3.93962E-09
      2.07031E+03           3.26950E-09
      2.07227E+03           3.24926E-09
      2.07422E+03           3.23104E-09
      2.07617E+03           3.64186E-09
      2.07813E+03           4.27343E-09
      2.08008E+03           3.42271E-09
      2.08203E+03           3.53841E-09
      2.08398E+03           3.02758E-09
      2.08594E+03           3.20466E-09
      2.08789E+03           3.13388E-09
      2.08984E+03           3.13628E-09
      2.09180E+03           3.67411E-09
      2.09375E+03           3.59964E-09
      2.09570E+03           3.27535E-09
      2.09766E+03           3.32339E-09
      2.09961E+03           3.31266E-09
      2.10156E+03           2.85191E-09
      2.10352E+03           3.50303E-09
      2.10547E+03           3.03012E-09
      2.10742E+03           3.06577E-09
      2.10938E+03           2.69350E-09
      2.11133E+03           2.85499E-09
      2.11328E+03           2.58899E-09
      2.11523E+03           2.91640E-09
      2.11719E+03           2.90925E-09
      2.11914E+03           3.24479E-09
      2.12109E+03           2.77117E-09
      2.12305E+03           2.89741E-09
      2.12500E+03           2.47275E-09
      2.12695E+03           3.14356E-09
      2.12891E+03           2.34791E-09
      2.13086E+03           2.81545E-09
      2.13281E+03           2.79970E-09
      2.13477E+03           2.56921E-09
      2.13672E+03           2.46541E-09
      2.13867E+03           2.67509E-09
      2.14063E+03           2.40692E-09
      2.14258E+03           2.87792E-09
      2.14453E+03           2.73562E-09
      2.14648E+03           2.42068E-09
      2.14844E+03           3.08799E-09
      2.15039E+03           2.69407E-09
      2.15234E+03           2.18872E-09
      2.15430E+03           2.43079E-09
      2.15625E+03           2.07512E-09
      2.15820E+03           2.77236E-09
      2.16016E+03           2.59401E-09
      2.16211E+03           2.46459E-09
      2.16406E+03           3.02233E-09
      2.16602E+03           2.27967E-09
      2.16797E+03           2.51527E-09
      2.16992E+03           2.37421E-09
      2.17188E+03           2.35208E-09
      2.17383E+03           2.24979E-09
      2.17578E+03           2.14266E-09
      2.17773E+03           2.46982E-09
      2.17969E+03           2.75970E-09
      2.18164E+03           2.55590E-09
      2.18359E+03           1.90167E-09
      2.18555E+03           2.48263E-09
      2.18750E+03           2.38738E-09
      2.18945E+03           2.73871E-09
      2.19141E+03           2.47753E-09
      2.19336E+03           2.54859E-09
      2.19531E+03           2.58351E-09
      2.19727E+03           2.24453E-09
      2.19922E+03           2.27099E-09
      2.20117E+03           2.28612E-09
      2.20313E+03           2.07989E-09
      2.20508E+03           2.20959E-09
      2.20703E+03           2.05079E-09
      2.20898E+03           2.45850E-09
      2.21094E+03           1.68130E-09
      2.21289E+03           2.25092E-09
      2.21484E+03           1.95595E-09
      2.21680E+03           2.23438E-09
      2.21875E+03           2.26613E-09
      2.22070E+03           2.14492E-09
      2.22266E+03           2.12309E-09
      2.22461E+03           1.82526E-09
      2.22656E+03           1.71107E-09
      2.22852E+03           1.95661E-09
      2.23047E+03           2.25113E-09
      2.23242E+03           2.02148E-09
      2.23438E+03           1.92179E-09
      2.23633E+03           1.63602E-09
      2.23828E+03           1.91760E-09
      2.24023E+03           1.98420E-09
      2.24219E+03           2.03717E-09
      2.24414E+03           1.94713E-09
      2.24609E+03           2.19573E-09
      2.24805E+03           2.01633E-09
      2.25000E+03           1.79073E-09
      2.25195E+03           1.35520E-09
      2.25391E+03           1.71996E-09
      2.25586E+03           1.77496E-09
      2.25781E+03           1.45293E-09
      2.25977E+03           1.71912E-09
      2.26172E+03           2.08850E-09
      2.26367E+03           1.87176E-09
      2.26563E+03           1.78689E-09
      2.26758E+03           1.74856E-09
      2.26953E+03           1.67671E-09
      2.27148E+03           1.72043E-09
      2.27344E+03           1.79851E-09
      2.27539E+03           1.95141E-09
      2.27734E+03           1.81373E-09
      2.27930E+03           1.66524E-09
      2.28125E+03           1.54663E-09
      2.28320E+03           1.46890E-09
      2.28516E+03           1.89223E-09
      2.28711E+03           1.81246E-09
      2.28906E+03           1.36281E-09
      2.29102E+03           1.88512E-09
      2.29297E+03           1.78165E-09
      2.29492E+03           1.83457E-09
      2.29688E+03           1.61611E-09
      2.29883E+03           1.81546E-09
      2.30078E+03           1.62546E-09
      2.30273E+03           1.49317E-09
      2.30469E+03           1.55182E-09
      2.30664E+03           1.55888E-09
      2.30859E+03           1.53430E-09
      2.31055E+03           1.66254E-09
      2.31250E+03           1.45312E-09
      2.31445E+03           1.28057E-09
      2.31641E+03           1.36592E-09
      2.31836E+03           1.42795E-09
      2.32031E+03           1.39859E-09
      2.32227E+03           1.19466E-09
      2.32422E+03           1.31752E-09
      2.32617E+03           1.32118E-09
      2.32813E+03           1.33647E-09
      2.33008E+03           1.45055E-09
      2.33203E+03           1.18925E-09
      2.33398E+03           1.45004E-09
      2.33594E+03           1.30964E-09
      2.33789E+03           1.42591E-09
      2.33984E+03           1.53174E-09
      2.34180E+03           1.28150E-09
      2.34375E+03           1.22981E-09
      2.34570E+03           1.65270E-09
      2.34766E+03           1.14368E-09
      2.34961E+03           1.29262E-09
      2.35156E+03           1.29114E-09
      2.35352E+03           1.39605E-09
      2.35547E+03           1.28189E-09
      2.35742E+03           1.16124E-09
      2.35938E+03           1.26593E-09
      2.36133E+03           1.46746E-09
      2.36328E+03           1.16462E-09
      2.36523E+03           1.29154E-09
      2.36719E+03           1.10110E-09
      2.36914E+03           1.26913E-09
      2.37109E+03           8.64823E-10
      2.37305E+03           1.18542E-09
      2.37500E+03           1.12986E-09
      2.37695E+03           1.27775E-09
      2.37891E+03           1.07007E-09
      2.38086E+03           1.18933E-09
      2.38281E+03           9.96534E-10
      2.38477E+03           1.29515E-09
      2.38672E+03           1.13745E-09
      2.38867E+03           1.07266E-09
      2.39063E+03           1.27374E-09
      2.39258E+03           1.23889E-09
      2.39453E+03           1.25148E-09
      2.39648E+03           1.24317E-09
      2.39844E+03           1.08510E-09
      2.40039E+03           1.08685E-09
      2.40234E+03           1.36463E-09
      2.40430E+03           1.02825E-09
      2.40625E+03           1.21274E-09
      2.40820E+03           1.27288E-09
      2.41016E+03           1.07617E-09
      2.41211E+03           8.88916E-10
      2.41406E+03           1.16099E-09
      2.41602E+03           1.14812E-09
      2.41797E+03           1.04710E-09
      2.41992E+03           1.19330E-09
      2.42188E+03           1.21235E-09
      2.42383E+03           1.32945E-09
      2.42578E+03           9.47383E-10
      2.42773E+03           1.07438E-09
      2.42969E+03           1.12761E-09
      2.43164E+03           9.28481E-10
      2.43359E+03           8.80466E-10
      2.43555E+03           9.75997E-10
      2.43750E+03           1.11348E-09
      2.43945E+03           9.50316E-10
      2.44141E+03           9.86490E-10
      2.44336E+03           1.00529E-09
      2.44531E+03           1.08529E-09
      2.44727E+03           1.09511E-09
      2.44922E+03           7.95615E-10
      2.45117E+03           1.00428E-09
      2.45313E+03           9.99885E-10
      2.45508E+03           8.93258E-10
      2.45703E+03           8.81491E-10
      2.45898E+03           1.00160E-09
      2.46094E+03           9.55674E-10
      2.46289E+03           9.12489E-10
      2.46484E+03           9.03672E-10
      2.46680E+03           1.06888E-09
      2.46875E+03           7.12038E-10
      2.47070E+03           8.44897E-10
      2.47266E+03           8.66643E-10
      2.47461E+03           9.22890E-10
      2.47656E+03           9.31884E-10
      2.47852E+03           9.18443E-10
      2.48047E+03           1.16319E-09
      2.48242E+03           8.23240E-10
      2.48438E+03           9.69680E-10
      2.48633E+03           8.31016E-10
      2.48828E+03           1.00208E-09
      2.49023E+03           8.78661E-10
      2.49219E+03           9.26514E-10
      2.49414E+03           9.60228E-10
      2.49609E+03           9.47272E-10
      2.49805E+03           8.83065E-10
      2.50000E+03           7.54610E-10
      2.50195E+03           9.38661E-10
      2.50391E+03           7.55991E-10
      2.50586E+03           9.25640E-10
      2.50781E+03           8.89965E-10
      2.50977E+03           6.63964E-10
      2.51172E+03           7.33539E-10
      2.51367E+03           8.15944E-10
      2.51563E+03           1.01917E-09
      2.51758E+03           8.51127E-10
      2.51953E+03           6.11552E-10
      2.52148E+03           9.06265E-10
      2.52344E+03           7.72479E-10
      2.52539E+03           9.21285E-10
      2.52734E+03           6.69797E-10
      2.52930E+03           8.56896E-10
      2.53125E+03           7.51683E-10
      2.53320E+03           8.41368E-10
      2.53516E+03           8.95844E-10
      2.53711E+03           8.89768E-10
      2.53906E+03           7.35374E-10
      2.54102E+03           9.28042E-10
      2.54297E+03           8.49626E-10
      2.54492E+03           7.13024E-10
      2.54688E+03           7.22702E-10
      2.54883E+03           8.53751E-10
      2.55078E+03           6.85514E-10
      2.55273E+03           7.39798E-10
      2.55469E+03           7.51275E-10
      2.55664E+03           7.65447E-10
      2.55859E+03           6.69936E-10
      2.56055E+03           6.30416E-10
      2.56250E+03           8.36843E-10
      2.56445E+03           7.43252E-10
      2.56641E+03           6.91697E-10
      2.56836E+03           6.65238E-10
      2.57031E+03           7.72450E-10
      2.57227E+03           7.88632E-10
      2.57422E+03           8.12582E-10
      2.57617E+03           6.93545E-10
      2.57813E+03           7.19830E-10
      2.58008E+03           6.90799E-10
      2.58203E+03           6.84572E-10
      2.58398E+03           7.69923E-10
      2.58594E+03           7.03268E-10
      2.58789E+03           6.70604E-10
      2.58984E+03           7.34875E-10
      2.59180E+03           6.95980E-10
      2.59375E+03           6.45509E-10
      2.59570E+03           6.71685E-10
      2.59766E+03           8.16286E-10
      2.59961E+03           7.42116E-10
      2.60156E+03           6.45439E-10
      2.60352E+03           7.57916E-10
      2.60547E+03           7.86486E-10
      2.60742E+03           7.28831E-10
      2.60938E+03           5.73514E-10
      2.61133E+03           7.49224E-10
      2.61328E+03           6.74316E-10
      2.61523E+03           5.96650E-10
      2.61719E+03           6.74183E-10
      2.61914E+03           7.09407E-10
      2.62109E+03           6.90469E-10
      2.62305E+03           6.67590E-10
      2.62500E+03           6.86597E-10
      2.62695E+03           5.57804E-10
      2.62891E+03           6.54501E-10
      2.63086E+03           5.30626E-10
      2.63281E+03           4.68839E-10
      2.63477E+03           7.34420E-10
      2.63672E+03           6.15430E-10
      2.63867E+03           5.93660E-10
      2.64063E+03           5.27310E-10
      2.64258E+03           6.31741E-10
      2.64453E+03           6.75085E-10
      2.64648E+03           6.59356E-10
      2.64844E+03           6.17630E-10
      2.65039E+03           5.74544E-10
      2.65234E+03           6.29014E-10
      2.65430E+03           6.20066E-10
      2.65625E+03           5.10124E-10
      2.65820E+03           5.73756E-10
      2.66016E+03           6.62863E-10
      2.66211E+03           5.82041E-10
      2.66406E+03           5.26433E-10
      2.66602E+03           5.31639E-10
      2.66797E+03           5.22127E-10
      2.66992E+03           5.94775E-10
      2.67188E+03           4.38878E-10
      2.67383E+03           5.18098E-10
      2.67578E+03           4.73753E-10
      2.67773E+03           4.28528E-10
      2.67969E+03           5.26665E-10
      2.68164E+03           5.06809E-10
      2.68359E+03           6.07769E-10
      2.68555E+03           4.77109E-10
      2.68750E+03           4.09351E-10
      2.68945E+03           5.75371E-10
      2.69141E+03           4.53763E-10
      2.69336E+03           4.90743E-10
      2.69531E+03           5.43025E-10
      2.69727E+03           4.89718E-10
      2.69922E+03           4.09540E-10
      2.70117E+03           5.48875E-10
      2.70313E+03           5.33196E-10
      2.70508E+03           4.73430E-10
      2.70703E+03           5.50683E-10
      2.70898E+03           4.68002E-10
      2.71094E+03           5.41854E-10
      2.71289E+03           5.01120E-10
      2.71484E+03           4.83239E-10
      2.71680E+03           3.92459E-10
      2.71875E+03           4.48069E-10
      2.72070E+03           4.42273E-10
      2.72266E+03           5.02835E-10
      2.72461E+03           4.30452E-10
      2.72656E+03           4.32300E-10
      2.72852E+03           4.67036E-10
      2.73047E+03           4.39876E-10
      2.73242E+03           4.22046E-10
      2.73438E+03           4.41007E-10
      2.73633E+03           4.35999E-10
      2.73828E+03           4.18721E-10
      2.74023E+03           5.59196E-10
      2.74219E+03           3.64981E-10
      2.74414E+03           4.30084E-10
      2.74609E+03           4.26485E-10
      2.74805E+03           3.81773E-10
      2.75000E+03           4.26221E-10
      2.75195E+03           3.88225E-10
      2.75391E+03           4.20719E-10
      2.75586E+03           3.66576E-10
      2.75781E+03           3.81511E-10
      2.75977E+03           4.27299E-10
      2.76172E+03           4.05288E-10
      2.76367E+03           4.13974E-10
      2.76563E+03           4.22550E-10
      2.76758E+03           4.43270E-10
      2.76953E+03           4.03400E-10
      2.77148E+03           3.76771E-10
      2.77344E+03           4.03248E-10
      2.77539E+03           3.50809E-10
      2.77734E+03           4.37089E-10
      2.77930E+03           3.93868E-10
      2.78125E+03           3.75248E-10
      2.78320E+03           3.61108E-10
      2.78516E+03           3.14259E-10
      2.78711E+03           4.51469E-10
      2.78906E+03           3.97151E-10
      2.79102E+03           3.83525E-10
      2.79297E+03           4.11254E-10
      2.79492E+03           3.91673E-10
      2.79688E+03           4.58537E-10
      2.79883E+03           4.24716E-10
      2.80078E+03           4.37166E-10
      2.80273E+03           4.36879E-10
      2.80469E+03           4.15848E-10
      2.80664E+03           3.37042E-10
      2.80859E+03           3.76878E-10
      2.81055E+03           4.10824E-10
      2.81250E+03           3.23271E-10
      2.81445E+03           3.73414E-10
      2.81641E+03           3.90081E-10
      2.81836E+03           4.20540E-10
      2.82031E+03           3.96165E-10
      2.82227E+03           3.46107E-10
      2.82422E+03           3.52274E-10
      2.82617E+03           3.76741E-10
      2.82813E+03           3.39286E-10
      2.83008E+03           3.56210E-10
      2.83203E+03           3.76781E-10
      2.83398E+03           3.65768E-10
      2.83594E+03           3.03868E-10
      2.83789E+03           3.49592E-10
      2.83984E+03           3.37337E-10
      2.84180E+03           3.43173E-10
      2.84375E+03           3.54828E-10
      2.84570E+03           3.77048E-10
      2.84766E+03           3.40195E-10
      2.84961E+03           2.80806E-10
      2.85156E+03           3.42893E-10
      2.85352E+03           3.34792E-10
      2.85547E+03           3.34864E-10
      2.85742E+03           3.65272E-10
      2.85938E+03           3.10555E-10
      2.86133E+03           2.86264E-10
      2.86328E+03           3.34245E-10
      2.86523E+03           3.53794E-10
      2.86719E+03           2.98124E-10
      2.86914E+03           3.19650E-10
      2.87109E+03           3.01118E-10
      2.87305E+03           3.80243E-10
      2.87500E+03           3.27099E-10
      2.87695E+03           3.02856E-10
      2.87891E+03           3.54436E-10
      2.88086E+03           3.57595E-10
      2.88281E+03           3.23447E-10
      2.88477E+03           3.13011E-10
      2.88672E+03           3.25614E-10
      2.88867E+03           3.80200E-10
      2.89063E+03           3.05028E-10
      2.89258E+03           2.72428E-10
      2.89453E+03           2.94618E-10
      2.89648E+03           3.06274E-10
      2.89844E+03           3.21583E-10
      2.90039E+03           3.31219E-10
      2.90234E+03           3.17915E-10
      2.90430E+03           3.32343E-10
      2.90625E+03           2.77015E-10
      2.90820E+03           2.88076E-10
      2.91016E+03           2.89498E-10
      2.91211E+03           2.88530E-10
      2.91406E+03           2.92868E-10
      2.91602E+03           2.89353E-10
      2.91797E+03           3.05744E-10
      2.91992E+03           3.16770E-10
      2.92188E+03           3.44507E-10
      2.92383E+03           2.67966E-10
      2.92578E+03           2.84594E-10
      2.92773E+03           3.02857E-10
      2.92969E+03           2.91317E-10
      2.93164E+03           2.75864E-10
      2.93359E+03           2.84739E-10
      2.93555E+03           2.78190E-10
      2.93750E+03           2.93310E-10
      2.93945E+03           3.00762E-10
      2.94141E+03           3.49264E-10
      2.94336E+03           3.14932E-10
      2.94531E+03           2.66672E-10
      2.94727E+03           2.80536E-10
      2.94922E+03           3.11055E-10
      2.95117E+03           2.95641E-10
      2.95313E+03           2.72051E-10
      2.95508E+03           2.65721E-10
      2.95703E+03           2.36030E-10
      2.95898E+03           2.51557E-10
      2.96094E+03           2.64055E-10
      2.96289E+03           2.49213E-10
      2.96484E+03           3.27101E-10
      2.96680E+03           2.71354E-10
      2.96875E+03           2.58308E-10
      2.97070E+03           2.97493E-10
      2.97266E+03           2.59125E-10
      2.97461E+03           2.71394E-10
      2.97656E+03           2.86351E-10
      2.97852E+03           2.78525E-10
      2.98047E+03           2.33668E-10
      2.98242E+03           2.49303E-10
      2.98438E+03           2.69772E-10
      2.98633E+03           2.37518E-10
      2.98828E+03           2.28881E-10
      2.99023E+03           2.65476E-10
      2.99219E+03           2.47495E-10
      2.99414E+03           2.17325E-10
      2.99609E+03           2.45266E-10
      2.99805E+03           2.08429E-10
      3.00000E+03           2.64595E-10
      3.00195E+03           2.26787E-10
      3.00391E+03           2.43230E-10
      3.00586E+03           1.97362E-10
      3.00781E+03           2.42925E-10
      3.00977E+03           2.42396E-10
      3.01172E+03           2.64054E-10
      3.01367E+03           2.16142E-10
      3.01563E+03           2.28971E-10
      3.01758E+03           1.87355E-10
      3.01953E+03           2.37186E-10
      3.02148E+03           2.16223E-10
      3.02344E+03           2.10589E-10
      3.02539E+03           2.74296E-10
      3.02734E+03           2.54075E-10
      3.02930E+03           2.02964E-10
      3.03125E+03           2.39146E-10
      3.03320E+03           2.29589E-10
      3.03516E+03           1.86289E-10
      3.03711E+03           2.23080E-10
      3.03906E+03           2.75879E-10
      3.04102E+03           2.26865E-10
      3.04297E+03           2.11955E-10
      3.04492E+03           2.34682E-10
      3.04688E+03           2.27462E-10
      3.04883E+03           2.38378E-10
      3.05078E+03           2.01097E-10
      3.05273E+03           2.32644E-10
      3.05469E+03           2.27418E-10
      3.05664E+03           2.43368E-10
      3.05859E+03           2.14738E-10
      3.06055E+03           2.36526E-10
      3.06250E+03           2.35138E-10
      3.06445E+03           2.19525E-10
      3.06641E+03           2.18910E-10
      3.06836E+03           2.21122E-10
      3.07031E+03           2.52306E-10
      3.07227E+03           2.58629E-10
      3.07422E+03           2.54073E-10
      3.07617E+03           2.53836E-10
      3.07813E+03           2.26791E-10
      3.08008E+03           2.26394E-10
      3.08203E+03           3.16790E-10
      3.08398E+03           3.79916E-10
      3.08594E+03           4.03458E-10
      3.08789E+03           3.19648E-10
      3.08984E+03           2.25947E-10
      3.09180E+03           2.41185E-10
      3.09375E+03           2.34953E-10
      3.09570E+03           2.15719E-10
      3.09766E+03           2.02126E-10
      3.09961E+03           2.27192E-10
      3.10156E+03           1.95546E-10
      3.10352E+03           2.49910E-10
      3.10547E+03           2.20597E-10
      3.10742E+03           2.38713E-10
      3.10938E+03           2.28280E-10
      3.11133E+03           2.39132E-10
      3.11328E+03           2.16281E-10
      3.11523E+03           2.73658E-10
      3.11719E+03           2.86164E-10
      3.11914E+03           2.90198E-10
      3.12109E+03           2.87204E-10
      3.12305E+03           2.64474E-10
      3.12500E+03           2.33218E-10
      3.12695E+03           2.22198E-10
      3.12891E+03           2.42934E-10
      3.13086E+03           2.20166E-10
      3.13281E+03           2.12098E-10
      3.13477E+03           2.25794E-10
      3.13672E+03           2.09229E-10
      3.13867E+03           2.26666E-10
      3.14063E+03           1.79839E-10
      3.14258E+03           2.73195E-10
      3.14453E+03           2.77444E-10
      3.14648E+03           3.30077E-10
      3.14844E+03           3.10700E-10
      3.15039E+03           2.72976E-10
      3.15234E+03           2.58855E-10
      3.15430E+03           2.23752E-10
      3.15625E+03           2.03542E-10
      3.15820E+03           2.06514E-10
      3.16016E+03           2.40003E-10
      3.16211E+03           2.25916E-10
      3.16406E+03           2.30745E-10
      3.16602E+03           1.81619E-10
      3.16797E+03           2.11918E-10
      3.16992E+03           2.57984E-10
      3.17188E+03           2.56655E-10
      3.17383E+03           2.95222E-10
      3.17578E+03           3.29263E-10
      3.17773E+03           3.12724E-10
      3.17969E+03           3.79766E-10
      3.18164E+03           5.81974E-10
      3.18359E+03           3.00359E-10
      3.18555E+03           3.13261E-10
      3.18750E+03           4.90939E-10
      3.18945E+03           6.55699E-10
      3.19141E+03           6.94245E-10
      3.19336E+03           5.18279E-10
      3.19531E+03           4.70631E-10
      3.19727E+03           4.61299E-10
      3.19922E+03           5.59629E-10
      3.20117E+03           1.07330E-09
      3.20313E+03           5.14214E-09
      3.20508E+03           8.87304E-09
      3.20703E+03           1.17639E-08
      3.20898E+03           4.46641E-09
      3.21094E+03           2.60090E-09
      3.21289E+03           6.28182E-09
      3.21484E+03           7.92992E-10
      3.21680E+03           3.56390E-10
      3.21875E+03           2.76571E-10
      3.22070E+03           2.40709E-10
      3.22266E+03           2.45692E-10
      3.22461E+03           2.65513E-10
      3.22656E+03           2.29460E-10
      3.22852E+03           4.43762E-10
      3.23047E+03           3.01668E-10
      3.23242E+03           2.69446E-10
      3.23438E+03           2.59465E-10
      3.23633E+03           2.38605E-10
      3.23828E+03           2.43024E-10
      3.24023E+03           2.26044E-10
      3.24219E+03           2.25055E-10
      3.24414E+03           2.22574E-10
      3.24609E+03           2.31249E-10
      3.24805E+03           2.16682E-10
      3.25000E+03           2.11575E-10
      3.25195E+03           1.82367E-10
      3.25391E+03           2.03680E-10
      3.25586E+03           2.15289E-10
      3.25781E+03           1.61403E-10
      3.25977E+03           1.89298E-10
      3.26172E+03           2.35513E-10
      3.26367E+03           2.09236E-10
      3.26563E+03           3.53532E-10
      3.26758E+03           2.87856E-10
      3.26953E+03           2.73565E-10
      3.27148E+03           2.06406E-10
      3.27344E+03           2.26174E-10
      3.27539E+03           1.94497E-10
      3.27734E+03           1.68652E-10
      3.27930E+03           2.01610E-10
      3.28125E+03           1.94778E-10
      3.28320E+03           1.95336E-10
      3.28516E+03           1.99580E-10
      3.28711E+03           1.79514E-10
      3.28906E+03           1.89150E-10
      3.29102E+03           1.72207E-10
      3.29297E+03           2.04195E-10
      3.29492E+03           1.91296E-10
      3.29688E+03           1.78406E-10
      3.29883E+03           1.84876E-10
      3.30078E+03           2.19877E-10
      3.30273E+03           1.94980E-10
      3.30469E+03           2.08017E-10
      3.30664E+03           1.87466E-10
      3.30859E+03           2.30682E-10
      3.31055E+03           1.69627E-10
      3.31250E+03           1.88049E-10
      3.31445E+03           1.36309E-10
      3.31641E+03           1.71667E-10
      3.31836E+03           1.72847E-10
      3.32031E+03           1.60699E-10
      3.32227E+03           1.57176E-10
      3.32422E+03           2.03779E-10
      3.32617E+03           2.84460E-10
      3.32813E+03           1.86675E-10
      3.33008E+03           1.54870E-10
      3.33203E+03           1.55362E-10
      3.33398E+03           1.61202E-10
      3.33594E+03           1.57799E-10
      3.33789E+03           1.56082E-10
      3.33984E+03           1.58053E-10
      3.34180E+03           1.67429E-10
      3.34375E+03           1.51696E-10
      3.34570E+03           1.93974E-10
      3.34766E+03           1.48775E-10
      3.34961E+03           1.76538E-10
      3.35156E+03           1.60738E-10
      3.35352E+03           1.70608E-10
      3.35547E+03           1.64574E-10
      3.35742E+03           1.42495E-10
      3.35938E+03           1.79423E-10
      3.36133E+03           1.49140E-10
      3.36328E+03           1.53477E-10
      3.36523E+03           1.32308E-10
      3.36719E+03           1.74283E-10
      3.36914E+03           1.85094E-10
      3.37109E+03           2.51385E-10
      3.37305E+03           3.96256E-10
      3.37500E+03           5.57603E-10
      3.37695E+03           5.32275E-10
      3.37891E+03           3.29378E-10
      3.38086E+03           2.77993E-10
      3.38281E+03           2.00494E-10
      3.38477E+03           1.62701E-10
      3.38672E+03           1.43590E-10
      3.38867E+03           1.56642E-10
      3.39063E+03           1.15189E-10
      3.39258E+03           1.44128E-10
      3.39453E+03           1.38871E-10
      3.39648E+03           1.26608E-10
      3.39844E+03           1.50692E-10
      3.40039E+03           1.37852E-10
      3.40234E+03           1.54702E-10
      3.40430E+03           1.26712E-10
      3.40625E+03           1.60629E-10
      3.40820E+03           1.32184E-10
      3.41016E+03           1.24935E-10
      3.41211E+03           1.23055E-10
      3.41406E+03           1.32077E-10
      3.41602E+03           1.43972E-10
      3.41797E+03           1.54863E-10
      3.41992E+03           1.59440E-10
      3.42188E+03           1.62676E-10
      3.42383E+03           1.63047E-10
      3.42578E+03           1.22683E-10
      3.42773E+03           1.39955E-10
      3.42969E+03           1.48255E-10
      3.43164E+03           1.40873E-10
      3.43359E+03           1.53688E-10
      3.43555E+03           1.29998E-10
      3.43750E+03           1.49862E-10
      3.43945E+03           1.39208E-10
      3.44141E+03           1.38418E-10
      3.44336E+03           1.36079E-10
      3.44531E+03           1.39776E-10
      3.44727E+03           1.42280E-10
      3.44922E+03           1.51487E-10
      3.45117E+03           1.21792E-10
      3.45313E+03           1.58372E-10
      3.45508E+03           1.23120E-10
      3.45703E+03           1.10940E-10
      3.45898E+03           1.20047E-10
      3.46094E+03           1.53211E-10
      3.46289E+03           1.32744E-10
      3.46484E+03           1.41874E-10
      3.46680E+03           1.34838E-10
      3.46875E+03           1.56457E-10
      3.47070E+03           1.41515E-10
      3.47266E+03           1.37538E-10
      3.47461E+03           1.22292E-10
      3.47656E+03           1.42401E-10
      3.47852E+03           1.41406E-10
      3.48047E+03           1.21078E-10
      3.48242E+03           1.31459E-10
      3.48438E+03           1.42011E-10
      3.48633E+03           1.23828E-10
      3.48828E+03           1.18233E-10
      3.49023E+03           1.33824E-10
      3.49219E+03           1.30502E-10
      3.49414E+03           1.25346E-10
      3.49609E+03           1.35944E-10
      3.49805E+03           1.29845E-10
      3.50000E+03           1.50274E-10
      3.50195E+03           1.19266E-10
      3.50391E+03           1.30277E-10
      3.50586E+03           1.36765E-10
      3.50781E+03           1.31989E-10
      3.50977E+03           1.44186E-10
      3.51172E+03           1.20404E-10
      3.51367E+03           1.54526E-10
      3.51563E+03           1.42140E-10
      3.51758E+03           1.40713E-10
      3.51953E+03           1.53783E-10
      3.52148E+03           1.63478E-10
      3.52344E+03           1.33834E-10
      3.52539E+03           1.41343E-10
      3.52734E+03           1.79424E-10
      3.52930E+03           1.39487E-10
      3.53125E+03           1.15292E-10
      3.53320E+03           1.33972E-10
      3.53516E+03           1.39626E-10
      3.53711E+03           1.51052E-10
      3.53906E+03           1.44743E-10
      3.54102E+03           1.40971E-10
      3.54297E+03           1.42378E-10
      3.54492E+03           1.34724E-10
      3.54688E+03           1.37171E-10
      3.54883E+03           1.36890E-10
      3.55078E+03           1.37307E-10
      3.55273E+03           1.72355E-10
      3.55469E+03           1.53984E-10
      3.55664E+03           1.34322E-10
      3.55859E+03           1.27965E-10
      3.56055E+03           1.34385E-10
      3.56250E+03           1.43710E-10
      3.56445E+03           1.16429E-10
      3.56641E+03           1.48875E-10
      3.56836E+03           1.45130E-10
      3.57031E+03           1.45120E-10
      3.57227E+03           1.23097E-10
      3.57422E+03           1.36508E-10
      3.57617E+03           1.40325E-10
      3.57813E+03           1.32974E-10
      3.58008E+03           1.33189E-10
      3.58203E+03           1.31197E-10
      3.58398E+03           1.19702E-10
      3.58594E+03           1.31343E-10
      3.58789E+03           1.16309E-10
      3.58984E+03           1.33362E-10
      3.59180E+03           1.61690E-10
      3.59375E+03           1.22708E-10
      3.59570E+03           1.39017E-10
      3.59766E+03           1.24675E-10
      3.59961E+03           1.17598E-10
      3.60156E+03           1.09570E-10
      3.60352E+03           1.14869E-10
      3.60547E+03           1.19897E-10
      3.60742E+03           1.46915E-10
      3.60938E+03           1.01648E-10
      3.61133E+03           1.36753E-10
      3.61328E+03           1.00516E-10
      3.61523E+03           1.24435E-10
      3.61719E+03           1.06583E-10
      3.61914E+03           1.09326E-10
      3.62109E+03           1.23106E-10
      3.62305E+03           1.01583E-10
      3.62500E+03           1.09361E-10
      3.62695E+03           1.16090E-10
      3.62891E+03           1.18425E-10
      3.63086E+03           1.42896E-10
      3.63281E+03           1.23893E-10
      3.63477E+03           1.20562E-10
      3.63672E+03           1.23739E-10
      3.63867E+03           1.23401E-10
      3.64063E+03           1.20010E-10
      3.64258E+03           1.33729E-10
      3.64453E+03           1.24976E-10
      3.64648E+03           1.23934E-10
      3.64844E+03           1.06682E-10
      3.65039E+03           1.38771E-10
      3.65234E+03           1.15991E-10
      3.65430E+03           9.95611E-11
      3.65625E+03           9.34609E-11
      3.65820E+03           1.23941E-10
      3.66016E+03           1.41372E-10
      3.66211E+03           1.16636E-10
      3.66406E+03           1.05388E-10
      3.66602E+03           1.34674E-10
      3.66797E+03           1.42460E-10
      3.66992E+03           1.31998E-10
      3.67188E+03           1.31790E-10
      3.67383E+03           1.18477E-10
      3.67578E+03           1.12631E-10
      3.67773E+03           9.91103E-11
      3.67969E+03           1.10968E-10
      3.68164E+03           1.14777E-10
      3.68359E+03           1.15887E-10
      3.68555E+03           1.18347E-10
      3.68750E+03           1.41488E-10
      3.68945E+03           1.29792E-10
      3.69141E+03           1.14619E-10
      3.69336E+03           1.30522E-10
      3.69531E+03           1.12364E-10
      3.69727E+03           1.07800E-10
      3.69922E+03           1.02736E-10
      3.70117E+03           1.18213E-10
      3.70313E+03           9.83342E-11
      3.70508E+03           1.15029E-10
      3.70703E+03           1.21909E-10
      3.70898E+03           1.22434E-10
      3.71094E+03           1.12452E-10
      3.71289E+03           1.06677E-10
      3.71484E+03           1.24728E-10
      3.71680E+03           1.10307E-10
      3.71875E+03           1.05166E-10
      3.72070E+03           1.16856E-10
      3.72266E+03           1.12319E-10
      3.72461E+03           9.73018E-11
      3.72656E+03           1.11671E-10
      3.72852E+03           1.20330E-10
      3.73047E+03           1.06110E-10
      3.73242E+03           9.69882E-11
      3.73438E+03           1.04595E-10
      3.73633E+03           1.11516E-10
      3.73828E+03           1.03873E-10
      3.74023E+03           1.01632E-10
      3.74219E+03           1.00610E-10
      3.74414E+03           1.06261E-10
      3.74609E+03           9.41361E-11
      3.74805E+03           1.08382E-10
      3.75000E+03           1.22973E-10
      3.75195E+03           1.25429E-10
      3.75391E+03           1.28779E-10
      3.75586E+03           1.03061E-10
      3.75781E+03           1.30548E-10
      3.75977E+03           1.11362E-10
      3.76172E+03           1.02040E-10
      3.76367E+03           1.03906E-10
      3.76563E+03           1.11013E-10
      3.76758E+03           1.04483E-10
      3.76953E+03           1.17303E-10
      3.77148E+03           1.16412E-10
      3.77344E+03           9.99143E-11
      3.77539E+03           9.81239E-11
      3.77734E+03           1.13538E-10
      3.77930E+03           9.95267E-11
      3.78125E+03           1.10947E-10
      3.78320E+03           1.03634E-10
      3.78516E+03           1.33814E-10
      3.78711E+03           1.17186E-10
      3.78906E+03           1.34296E-10
      3.79102E+03           1.00748E-10
      3.79297E+03           1.03678E-10
      3.79492E+03           1.18908E-10
      3.79688E+03           9.42315E-11
      3.79883E+03           9.62434E-11
      3.80078E+03           1.12366E-10
      3.80273E+03           1.19903E-10
      3.80469E+03           1.03147E-10
      3.80664E+03           1.18562E-10
      3.80859E+03           1.13400E-10
      3.81055E+03           9.97793E-11
      3.81250E+03           1.01910E-10
      3.81445E+03           1.05556E-10
      3.81641E+03           1.14780E-10
      3.81836E+03           1.03197E-10
      3.82031E+03           1.14182E-10
      3.82227E+03           9.68164E-11
      3.82422E+03           9.78007E-11
      3.82617E+03           1.33804E-10
      3.82813E+03           1.26347E-10
      3.83008E+03           9.95323E-11
      3.83203E+03           1.07856E-10
      3.83398E+03           1.29182E-10
      3.83594E+03           1.01854E-10
      3.83789E+03           1.20547E-10
      3.83984E+03           1.35331E-10
      3.84180E+03           1.57055E-10
      3.84375E+03           1.74835E-10
      3.84570E+03           1.96504E-10
      3.84766E+03           1.57215E-10
      3.84961E+03           1.34805E-10
      3.85156E+03           1.27682E-10
      3.85352E+03           9.34115E-11
      3.85547E+03           9.68137E-11
      3.85742E+03           9.76601E-11
      3.85938E+03           1.33088E-10
      3.86133E+03           1.02454E-10
      3.86328E+03           1.24867E-10
      3.86523E+03           1.06487E-10
      3.86719E+03           8.82026E-11
      3.86914E+03           1.01537E-10
      3.87109E+03           1.22991E-10
      3.87305E+03           1.21880E-10
      3.87500E+03           9.95603E-11
      3.87695E+03           1.12696E-10
      3.87891E+03           1.07327E-10
      3.88086E+03           8.77937E-11
      3.88281E+03           1.08764E-10
      3.88477E+03           9.58915E-11
      3.88672E+03           9.68559E-11
      3.88867E+03           1.12049E-10
      3.89063E+03           9.33917E-11
      3.89258E+03           9.67893E-11
      3.89453E+03           1.00631E-10
      3.89648E+03           8.90907E-11
      3.89844E+03           1.07230E-10
      3.90039E+03           1.07013E-10
      3.90234E+03           1.07983E-10
      3.90430E+03           1.21546E-10
      3.90625E+03           1.13305E-10
      3.90820E+03           1.05978E-10
      3.91016E+03           1.05229E-10
      3.91211E+03           1.01128E-10
      3.91406E+03           1.04470E-10
      3.91602E+03           8.77716E-11
      3.91797E+03           1.06888E-10
      3.91992E+03           1.31786E-10
      3.92188E+03           1.25363E-10
      3.92383E+03           1.04396E-10
      3.92578E+03           1.14671E-10
      3.92773E+03           1.13318E-10
      3.92969E+03           9.17985E-11
      3.93164E+03           1.02137E-10
      3.93359E+03           1.10926E-10
      3.93555E+03           1.12288E-10
      3.93750E+03           1.05570E-10
      3.93945E+03           1.05054E-10
      3.94141E+03           1.19444E-10
      3.94336E+03           1.01592E-10
      3.94531E+03           1.23008E-10
      3.94727E+03           9.74933E-11
      3.94922E+03           1.27706E-10
      3.95117E+03           9.78705E-11
      3.95313E+03           8.83755E-11
      3.95508E+03           1.25426E-10
      3.95703E+03           1.27930E-10
      3.95898E+03           9.68018E-11
      3.96094E+03           1.05063E-10
      3.96289E+03           1.33379E-10
      3.96484E+03           1.09295E-10
      3.96680E+03           1.09925E-10
      3.96875E+03           1.32477E-10
      3.97070E+03           9.58841E-11
      3.97266E+03           1.11423E-10
      3.97461E+03           1.12429E-10
      3.97656E+03           1.19805E-10
      3.97852E+03           1.19394E-10
      3.98047E+03           1.29875E-10
      3.98242E+03           1.14789E-10
      3.98438E+03           9.53683E-11
      3.98633E+03           9.82437E-11
      3.98828E+03           1.28984E-10
      3.99023E+03           1.04269E-10
      3.99219E+03           1.01216E-10
      3.99414E+03           1.05106E-10
      3.99609E+03           1.03556E-10
      3.99805E+03           1.27921E-10
      4.00000E+03           1.13565E-10
