New buffer's length =     2048.00    
      1.95313E+00           1.48959E-03
      3.90625E+00           1.70962E-03
      5.85938E+00           1.54590E-03
      7.81250E+00           1.46658E-03
      9.76563E+00           1.27978E-03
      1.17188E+01           1.31019E-03
      1.36719E+01           1.12172E-03
      1.56250E+01           8.65857E-04
      1.75781E+01           8.05241E-04
      1.95313E+01           7.55249E-04
      2.14844E+01           8.45913E-04
      2.34375E+01           8.71468E-04
      2.53906E+01           7.84399E-04
      2.73438E+01           6.14098E-04
      2.92969E+01           6.76022E-04
      3.12500E+01           6.32577E-04
      3.32031E+01           6.95649E-04
      3.51563E+01           5.86697E-04
      3.71094E+01           5.46258E-04
      3.90625E+01           5.13251E-04
      4.10156E+01           4.99597E-04
      4.29688E+01           5.19094E-04
      4.49219E+01           4.55801E-04
      4.68750E+01           3.79757E-04
      4.88281E+01           4.38299E-04
      5.07813E+01           3.98754E-04
      5.27344E+01           4.30224E-04
      5.46875E+01           3.38685E-04
      5.66406E+01           3.68636E-04
      5.85938E+01           2.81022E-04
      6.05469E+01           3.51796E-04
      6.25000E+01           3.33851E-04
      6.44531E+01           3.36863E-04
      6.64063E+01           3.34130E-04
      6.83594E+01           3.15974E-04
      7.03125E+01           2.68910E-04
      7.22656E+01           2.67860E-04
      7.42188E+01           2.85489E-04
      7.61719E+01           3.01219E-04
      7.81250E+01           2.36933E-04
      8.00781E+01           2.36383E-04
      8.20313E+01           2.29720E-04
      8.39844E+01           2.19729E-04
      8.59375E+01           2.22314E-04
      8.78906E+01           1.84125E-04
      8.98438E+01           2.09976E-04
      9.17969E+01           2.15223E-04
      9.37500E+01           1.66287E-04
      9.57031E+01           1.83174E-04
      9.76563E+01           1.68587E-04
      9.96094E+01           1.73695E-04
      1.01563E+02           1.37916E-04
      1.03516E+02           1.84653E-04
      1.05469E+02           1.74025E-04
      1.07422E+02           1.41422E-04
      1.09375E+02           1.69414E-04
      1.11328E+02           1.46082E-04
      1.13281E+02           1.24977E-04
      1.15234E+02           1.28093E-04
      1.17188E+02           1.65347E-04
      1.19141E+02           1.41484E-04
      1.21094E+02           1.40230E-04
      1.23047E+02           1.40361E-04
      1.25000E+02           1.49411E-04
      1.26953E+02           1.19853E-04
      1.28906E+02           1.28071E-04
      1.30859E+02           1.22272E-04
      1.32813E+02           1.40319E-04
      1.34766E+02           1.06257E-04
      1.36719E+02           1.15997E-04
      1.38672E+02           1.13185E-04
      1.40625E+02           1.24141E-04
      1.42578E+02           8.11432E-05
      1.44531E+02           8.63349E-05
      1.46484E+02           7.86472E-05
      1.48438E+02           1.00626E-04
      1.50391E+02           9.29177E-05
      1.52344E+02           8.85166E-05
      1.54297E+02           1.02182E-04
      1.56250E+02           1.11513E-04
      1.58203E+02           9.31065E-05
      1.60156E+02           1.14049E-04
      1.62109E+02           1.04016E-04
      1.64063E+02           9.27252E-05
      1.66016E+02           8.14883E-05
      1.67969E+02           7.77502E-05
      1.69922E+02           7.76142E-05
      1.71875E+02           7.66714E-05
      1.73828E+02           8.58778E-05
      1.75781E+02           6.84472E-05
      1.77734E+02           6.49840E-05
      1.79688E+02           6.12992E-05
      1.81641E+02           6.12771E-05
      1.83594E+02           7.13740E-05
      1.85547E+02           6.94626E-05
      1.87500E+02           6.82205E-05
      1.89453E+02           6.52431E-05
      1.91406E+02           6.06380E-05
      1.93359E+02           5.67642E-05
      1.95313E+02           7.94838E-05
      1.97266E+02           5.33148E-05
      1.99219E+02           6.47348E-05
      2.01172E+02           6.07624E-05
      2.03125E+02           5.44909E-05
      2.05078E+02           6.12097E-05
      2.07031E+02           5.31064E-05
      2.08984E+02           4.62706E-05
      2.10938E+02           5.06621E-05
      2.12891E+02           5.07400E-05
      2.14844E+02           3.95618E-05
      2.16797E+02           5.54006E-05
      2.18750E+02           5.23037E-05
      2.20703E+02           4.87955E-05
      2.22656E+02           4.43484E-05
      2.24609E+02           4.71635E-05
      2.26563E+02           3.93234E-05
      2.28516E+02           4.32761E-05
      2.30469E+02           4.76738E-05
      2.32422E+02           3.62732E-05
      2.34375E+02           4.15169E-05
      2.36328E+02           4.11772E-05
      2.38281E+02           3.47004E-05
      2.40234E+02           3.64076E-05
      2.42188E+02           4.49252E-05
      2.44141E+02           4.92377E-05
      2.46094E+02           3.80410E-05
      2.48047E+02           4.15496E-05
      2.50000E+02           4.35673E-05
      2.51953E+02           4.19834E-05
      2.53906E+02           3.55006E-05
      2.55859E+02           3.82284E-05
      2.57813E+02           3.77538E-05
      2.59766E+02           3.52807E-05
      2.61719E+02           2.90486E-05
      2.63672E+02           2.69028E-05
      2.65625E+02           3.69600E-05
      2.67578E+02           3.74708E-05
      2.69531E+02           2.70254E-05
      2.71484E+02           2.66980E-05
      2.73438E+02           3.19892E-05
      2.75391E+02           3.15991E-05
      2.77344E+02           3.49035E-05
      2.79297E+02           3.07397E-05
      2.81250E+02           3.27675E-05
      2.83203E+02           2.68037E-05
      2.85156E+02           3.52815E-05
      2.87109E+02           2.55098E-05
      2.89063E+02           3.01838E-05
      2.91016E+02           2.87190E-05
      2.92969E+02           2.57579E-05
      2.94922E+02           2.57819E-05
      2.96875E+02           2.57103E-05
      2.98828E+02           2.44411E-05
      3.00781E+02           2.37754E-05
      3.02734E+02           2.44604E-05
      3.04688E+02           2.26266E-05
      3.06641E+02           2.76393E-05
      3.08594E+02           2.11843E-05
      3.10547E+02           2.20446E-05
      3.12500E+02           2.07938E-05
      3.14453E+02           1.98715E-05
      3.16406E+02           2.22253E-05
      3.18359E+02           2.13515E-05
      3.20313E+02           2.38819E-05
      3.22266E+02           2.27516E-05
      3.24219E+02           2.02150E-05
      3.26172E+02           1.88583E-05
      3.28125E+02           1.60519E-05
      3.30078E+02           1.76189E-05
      3.32031E+02           2.07722E-05
      3.33984E+02           2.22900E-05
      3.35938E+02           1.99424E-05
      3.37891E+02           1.87304E-05
      3.39844E+02           2.07095E-05
      3.41797E+02           1.75728E-05
      3.43750E+02           2.08947E-05
      3.45703E+02           2.10790E-05
      3.47656E+02           1.69027E-05
      3.49609E+02           1.71811E-05
      3.51563E+02           1.77027E-05
      3.53516E+02           1.74420E-05
      3.55469E+02           1.66491E-05
      3.57422E+02           1.80723E-05
      3.59375E+02           1.70124E-05
      3.61328E+02           1.44984E-05
      3.63281E+02           1.52036E-05
      3.65234E+02           1.47217E-05
      3.67188E+02           1.76985E-05
      3.69141E+02           1.50901E-05
      3.71094E+02           1.57657E-05
      3.73047E+02           1.54296E-05
      3.75000E+02           1.23947E-05
      3.76953E+02           1.61204E-05
      3.78906E+02           1.44180E-05
      3.80859E+02           1.53538E-05
      3.82813E+02           1.55720E-05
      3.84766E+02           1.46174E-05
      3.86719E+02           1.21133E-05
      3.88672E+02           1.28911E-05
      3.90625E+02           1.42076E-05
      3.92578E+02           1.21326E-05
      3.94531E+02           1.15583E-05
      3.96484E+02           1.26019E-05
      3.98438E+02           1.14778E-05
      4.00391E+02           1.12594E-05
      4.02344E+02           1.05049E-05
      4.04297E+02           1.29364E-05
      4.06250E+02           1.31725E-05
      4.08203E+02           1.14003E-05
      4.10156E+02           1.26530E-05
      4.12109E+02           1.15051E-05
      4.14063E+02           1.05534E-05
      4.16016E+02           1.16628E-05
      4.17969E+02           9.32645E-06
      4.19922E+02           1.00398E-05
      4.21875E+02           1.01703E-05
      4.23828E+02           1.17118E-05
      4.25781E+02           9.99957E-06
      4.27734E+02           1.06470E-05
      4.29688E+02           1.19858E-05
      4.31641E+02           1.04961E-05
      4.33594E+02           1.03431E-05
      4.35547E+02           8.55005E-06
      4.37500E+02           9.83636E-06
      4.39453E+02           8.62635E-06
      4.41406E+02           1.01252E-05
      4.43359E+02           9.77823E-06
      4.45313E+02           9.09758E-06
      4.47266E+02           8.49297E-06
      4.49219E+02           1.06354E-05
      4.51172E+02           9.27803E-06
      4.53125E+02           7.35351E-06
      4.55078E+02           9.65207E-06
      4.57031E+02           7.78455E-06
      4.58984E+02           7.58273E-06
      4.60938E+02           9.18196E-06
      4.62891E+02           7.50300E-06
      4.64844E+02           9.28478E-06
      4.66797E+02           7.24206E-06
      4.68750E+02           8.62338E-06
      4.70703E+02           7.76597E-06
      4.72656E+02           8.27705E-06
      4.74609E+02           8.95399E-06
      4.76563E+02           8.72186E-06
      4.78516E+02           7.11301E-06
      4.80469E+02           6.44211E-06
      4.82422E+02           6.89725E-06
      4.84375E+02           7.31757E-06
      4.86328E+02           6.46700E-06
      4.88281E+02           7.94766E-06
      4.90234E+02           8.55914E-06
      4.92188E+02           6.33560E-06
      4.94141E+02           7.41843E-06
      4.96094E+02           7.60369E-06
      4.98047E+02           6.98706E-06
      5.00000E+02           7.20811E-06
      5.01953E+02           6.30536E-06
      5.03906E+02           6.90696E-06
      5.05859E+02           6.14021E-06
      5.07813E+02           7.32525E-06
      5.09766E+02           6.29795E-06
      5.11719E+02           6.31729E-06
      5.13672E+02           5.85244E-06
      5.15625E+02           6.64584E-06
      5.17578E+02           6.11057E-06
      5.19531E+02           6.31655E-06
      5.21484E+02           5.91714E-06
      5.23438E+02           4.99984E-06
      5.25391E+02           5.90085E-06
      5.27344E+02           4.70433E-06
      5.29297E+02           5.24503E-06
      5.31250E+02           6.63762E-06
      5.33203E+02           5.82731E-06
      5.35156E+02           6.15578E-06
      5.37109E+02           5.71124E-06
      5.39063E+02           4.81808E-06
      5.41016E+02           5.84966E-06
      5.42969E+02           6.21872E-06
      5.44922E+02           5.02925E-06
      5.46875E+02           5.31540E-06
      5.48828E+02           6.48590E-06
      5.50781E+02           5.29291E-06
      5.52734E+02           4.76498E-06
      5.54688E+02           5.14457E-06
      5.56641E+02           3.96535E-06
      5.58594E+02           4.52718E-06
      5.60547E+02           4.50412E-06
      5.62500E+02           4.09085E-06
      5.64453E+02           5.21746E-06
      5.66406E+02           4.63247E-06
      5.68359E+02           4.62485E-06
      5.70313E+02           3.77405E-06
      5.72266E+02           4.50862E-06
      5.74219E+02           4.79625E-06
      5.76172E+02           5.27356E-06
      5.78125E+02           5.02072E-06
      5.80078E+02           4.47806E-06
      5.82031E+02           4.29628E-06
      5.83984E+02           4.21828E-06
      5.85938E+02           3.76277E-06
      5.87891E+02           4.12954E-06
      5.89844E+02           4.85328E-06
      5.91797E+02           3.84336E-06
      5.93750E+02           4.57681E-06
      5.95703E+02           4.51612E-06
      5.97656E+02           3.55029E-06
      5.99609E+02           3.87993E-06
      6.01563E+02           3.67879E-06
      6.03516E+02           3.64813E-06
      6.05469E+02           3.63591E-06
      6.07422E+02           3.65800E-06
      6.09375E+02           3.07718E-06
      6.11328E+02           3.65864E-06
      6.13281E+02           3.56180E-06
      6.15234E+02           3.37268E-06
      6.17188E+02           3.41131E-06
      6.19141E+02           4.33700E-06
      6.21094E+02           3.34440E-06
      6.23047E+02           2.92746E-06
      6.25000E+02           3.60171E-06
      6.26953E+02           3.14153E-06
      6.28906E+02           3.33099E-06
      6.30859E+02           3.31525E-06
      6.32813E+02           3.27253E-06
      6.34766E+02           3.43661E-06
      6.36719E+02           3.28818E-06
      6.38672E+02           3.46680E-06
      6.40625E+02           3.31937E-06
      6.42578E+02           3.45482E-06
      6.44531E+02           3.17968E-06
      6.46484E+02           2.97229E-06
      6.48438E+02           3.38998E-06
      6.50391E+02           2.67509E-06
      6.52344E+02           3.24034E-06
      6.54297E+02           2.68363E-06
      6.56250E+02           3.53432E-06
      6.58203E+02           2.70715E-06
      6.60156E+02           2.99581E-06
      6.62109E+02           2.58814E-06
      6.64063E+02           2.45013E-06
      6.66016E+02           2.23969E-06
      6.67969E+02           2.65972E-06
      6.69922E+02           2.87591E-06
      6.71875E+02           3.11326E-06
      6.73828E+02           2.66178E-06
      6.75781E+02           2.44886E-06
      6.77734E+02           3.21154E-06
      6.79688E+02           2.66098E-06
      6.81641E+02           2.76979E-06
      6.83594E+02           2.60679E-06
      6.85547E+02           1.93243E-06
      6.87500E+02           2.66207E-06
      6.89453E+02           2.73716E-06
      6.91406E+02           2.31965E-06
      6.93359E+02           2.34755E-06
      6.95313E+02           2.72712E-06
      6.97266E+02           2.07615E-06
      6.99219E+02           2.42569E-06
      7.01172E+02           2.22336E-06
      7.03125E+02           1.83948E-06
      7.05078E+02           2.44780E-06
      7.07031E+02           2.32870E-06
      7.08984E+02           2.27000E-06
      7.10938E+02           2.10833E-06
      7.12891E+02           1.93142E-06
      7.14844E+02           1.88299E-06
      7.16797E+02           1.94348E-06
      7.18750E+02           2.09815E-06
      7.20703E+02           2.16890E-06
      7.22656E+02           1.73886E-06
      7.24609E+02           2.14581E-06
      7.26563E+02           1.69016E-06
      7.28516E+02           1.88729E-06
      7.30469E+02           1.75495E-06
      7.32422E+02           1.57788E-06
      7.34375E+02           1.67657E-06
      7.36328E+02           1.85352E-06
      7.38281E+02           1.86346E-06
      7.40234E+02           2.06691E-06
      7.42188E+02           1.65976E-06
      7.44141E+02           1.57484E-06
      7.46094E+02           1.69654E-06
      7.48047E+02           1.60730E-06
      7.50000E+02           1.78766E-06
      7.51953E+02           1.50780E-06
      7.53906E+02           1.80726E-06
      7.55859E+02           1.59367E-06
      7.57813E+02           1.48210E-06
      7.59766E+02           1.49803E-06
      7.61719E+02           1.70955E-06
      7.63672E+02           1.58356E-06
      7.65625E+02           1.65725E-06
      7.67578E+02           1.52411E-06
      7.69531E+02           1.32847E-06
      7.71484E+02           1.44505E-06
      7.73438E+02           1.27243E-06
      7.75391E+02           1.56113E-06
      7.77344E+02           1.65653E-06
      7.79297E+02           1.64347E-06
      7.81250E+02           1.46356E-06
      7.83203E+02           1.47489E-06
      7.85156E+02           1.31661E-06
      7.87109E+02           1.11970E-06
      7.89063E+02           1.16597E-06
      7.91016E+02           1.23503E-06
      7.92969E+02           1.49383E-06
      7.94922E+02           1.35417E-06
      7.96875E+02           1.26959E-06
      7.98828E+02           1.47738E-06
      8.00781E+02           1.53407E-06
      8.02734E+02           1.28412E-06
      8.04688E+02           1.38352E-06
      8.06641E+02           1.13741E-06
      8.08594E+02           1.36979E-06
      8.10547E+02           1.21809E-06
      8.12500E+02           1.46652E-06
      8.14453E+02           1.15937E-06
      8.16406E+02           1.20448E-06
      8.18359E+02           1.18713E-06
      8.20313E+02           1.27766E-06
      8.22266E+02           1.50287E-06
      8.24219E+02           1.21967E-06
      8.26172E+02           1.07322E-06
      8.28125E+02           1.32253E-06
      8.30078E+02           1.13655E-06
      8.32031E+02           1.20234E-06
      8.33984E+02           1.11406E-06
      8.35938E+02           1.10438E-06
      8.37891E+02           1.14617E-06
      8.39844E+02           1.27614E-06
      8.41797E+02           1.23613E-06
      8.43750E+02           1.08674E-06
      8.45703E+02           9.71675E-07
      8.47656E+02           1.10218E-06
      8.49609E+02           1.16532E-06
      8.51563E+02           1.16524E-06
      8.53516E+02           1.18313E-06
      8.55469E+02           9.91392E-07
      8.57422E+02           1.02316E-06
      8.59375E+02           7.52536E-07
      8.61328E+02           9.44689E-07
      8.63281E+02           1.00398E-06
      8.65234E+02           9.42209E-07
      8.67188E+02           8.20032E-07
      8.69141E+02           1.09772E-06
      8.71094E+02           9.53635E-07
      8.73047E+02           7.88314E-07
      8.75000E+02           9.48882E-07
      8.76953E+02           7.59838E-07
      8.78906E+02           9.67520E-07
      8.80859E+02           9.27930E-07
      8.82813E+02           8.72296E-07
      8.84766E+02           1.00466E-06
      8.86719E+02           8.02244E-07
      8.88672E+02           8.73595E-07
      8.90625E+02           8.76760E-07
      8.92578E+02           8.91520E-07
      8.94531E+02           8.38021E-07
      8.96484E+02           9.09834E-07
      8.98438E+02           9.42662E-07
      9.00391E+02           8.77852E-07
      9.02344E+02           7.94507E-07
      9.04297E+02           6.73671E-07
      9.06250E+02           7.66991E-07
      9.08203E+02           8.56508E-07
      9.10156E+02           6.90548E-07
      9.12109E+02           6.47277E-07
      9.14063E+02           8.89703E-07
      9.16016E+02           5.92678E-07
      9.17969E+02           7.00104E-07
      9.19922E+02           7.33292E-07
      9.21875E+02           6.88559E-07
      9.23828E+02           6.26316E-07
      9.25781E+02           6.40041E-07
      9.27734E+02           8.59561E-07
      9.29688E+02           6.46591E-07
      9.31641E+02           6.17755E-07
      9.33594E+02           6.34272E-07
      9.35547E+02           6.28323E-07
      9.37500E+02           6.80006E-07
      9.39453E+02           6.84328E-07
      9.41406E+02           6.79205E-07
      9.43359E+02           6.13322E-07
      9.45313E+02           6.76344E-07
      9.47266E+02           7.12434E-07
      9.49219E+02           5.89793E-07
      9.51172E+02           6.56470E-07
      9.53125E+02           5.57856E-07
      9.55078E+02           6.64465E-07
      9.57031E+02           4.56678E-07
      9.58984E+02           5.43827E-07
      9.60938E+02           5.82397E-07
      9.62891E+02           6.79617E-07
      9.64844E+02           5.95707E-07
      9.66797E+02           5.09360E-07
      9.68750E+02           5.28811E-07
      9.70703E+02           6.00843E-07
      9.72656E+02           6.90924E-07
      9.74609E+02           4.79039E-07
      9.76563E+02           6.10054E-07
      9.78516E+02           5.60507E-07
      9.80469E+02           5.12994E-07
      9.82422E+02           5.76116E-07
      9.84375E+02           5.45543E-07
      9.86328E+02           5.10378E-07
      9.88281E+02           5.46606E-07
      9.90234E+02           5.04662E-07
      9.92188E+02           4.59284E-07
      9.94141E+02           5.37774E-07
      9.96094E+02           5.34767E-07
      9.98047E+02           5.18996E-07
      1.00000E+03           4.09226E-07
      1.00195E+03           5.57808E-07
      1.00391E+03           4.72604E-07
      1.00586E+03           4.13774E-07
      1.00781E+03           4.32031E-07
      1.00977E+03           4.39640E-07
      1.01172E+03           4.61267E-07
      1.01367E+03           5.18664E-07
      1.01563E+03           4.17684E-07
      1.01758E+03           5.03358E-07
      1.01953E+03           4.10802E-07
      1.02148E+03           3.33944E-07
      1.02344E+03           4.01046E-07
      1.02539E+03           5.17971E-07
      1.02734E+03           4.79262E-07
      1.02930E+03           3.57716E-07
      1.03125E+03           3.97096E-07
      1.03320E+03           3.94910E-07
      1.03516E+03           4.52758E-07
      1.03711E+03           3.87167E-07
      1.03906E+03           4.27978E-07
      1.04102E+03           4.16588E-07
      1.04297E+03           4.05713E-07
      1.04492E+03           4.73983E-07
      1.04688E+03           3.69708E-07
      1.04883E+03           3.58573E-07
      1.05078E+03           4.95479E-07
      1.05273E+03           3.43813E-07
      1.05469E+03           3.38032E-07
      1.05664E+03           4.02657E-07
      1.05859E+03           3.64861E-07
      1.06055E+03           3.86521E-07
      1.06250E+03           3.76174E-07
      1.06445E+03           3.50977E-07
      1.06641E+03           3.47061E-07
      1.06836E+03           4.19107E-07
      1.07031E+03           3.57634E-07
      1.07227E+03           4.05883E-07
      1.07422E+03           3.59830E-07
      1.07617E+03           3.54710E-07
      1.07813E+03           2.86458E-07
      1.08008E+03           3.47949E-07
      1.08203E+03           3.06422E-07
      1.08398E+03           2.85194E-07
      1.08594E+03           3.45031E-07
      1.08789E+03           3.37636E-07
      1.08984E+03           2.86817E-07
      1.09180E+03           3.50891E-07
      1.09375E+03           3.73355E-07
      1.09570E+03           3.03085E-07
      1.09766E+03           4.02006E-07
      1.09961E+03           2.60416E-07
      1.10156E+03           3.36505E-07
      1.10352E+03           3.14948E-07
      1.10547E+03           3.26025E-07
      1.10742E+03           3.43330E-07
      1.10938E+03           2.65587E-07
      1.11133E+03           2.62503E-07
      1.11328E+03           2.90742E-07
      1.11523E+03           3.09616E-07
      1.11719E+03           2.78659E-07
      1.11914E+03           3.08168E-07
      1.12109E+03           2.57441E-07
      1.12305E+03           2.94235E-07
      1.12500E+03           2.81747E-07
      1.12695E+03           2.82962E-07
      1.12891E+03           3.22045E-07
      1.13086E+03           2.40461E-07
      1.13281E+03           2.30347E-07
      1.13477E+03           2.49950E-07
      1.13672E+03           3.06664E-07
      1.13867E+03           2.73560E-07
      1.14063E+03           2.51437E-07
      1.14258E+03           2.49825E-07
      1.14453E+03           2.62375E-07
      1.14648E+03           2.95549E-07
      1.14844E+03           2.82204E-07
      1.15039E+03           2.34263E-07
      1.15234E+03           2.48545E-07
      1.15430E+03           2.83345E-07
      1.15625E+03           2.32828E-07
      1.15820E+03           2.12177E-07
      1.16016E+03           2.22573E-07
      1.16211E+03           2.22921E-07
      1.16406E+03           2.44452E-07
      1.16602E+03           2.38419E-07
      1.16797E+03           2.33790E-07
      1.16992E+03           2.32526E-07
      1.17188E+03           2.41642E-07
      1.17383E+03           2.48251E-07
      1.17578E+03           2.01523E-07
      1.17773E+03           2.06890E-07
      1.17969E+03           2.49981E-07
      1.18164E+03           2.32834E-07
      1.18359E+03           1.85357E-07
      1.18555E+03           2.07856E-07
      1.18750E+03           1.75463E-07
      1.18945E+03           2.23368E-07
      1.19141E+03           2.05280E-07
      1.19336E+03           2.14269E-07
      1.19531E+03           1.95026E-07
      1.19727E+03           1.92400E-07
      1.19922E+03           2.30547E-07
      1.20117E+03           1.91789E-07
      1.20313E+03           1.87938E-07
      1.20508E+03           2.33890E-07
      1.20703E+03           1.67115E-07
      1.20898E+03           2.00685E-07
      1.21094E+03           1.72869E-07
      1.21289E+03           2.07270E-07
      1.21484E+03           1.65967E-07
      1.21680E+03           1.69483E-07
      1.21875E+03           1.97321E-07
      1.22070E+03           2.14221E-07
      1.22266E+03           1.89903E-07
      1.22461E+03           1.66146E-07
      1.22656E+03           1.79471E-07
      1.22852E+03           1.85789E-07
      1.23047E+03           1.67220E-07
      1.23242E+03           1.75913E-07
      1.23438E+03           1.68903E-07
      1.23633E+03           1.65646E-07
      1.23828E+03           1.72812E-07
      1.24023E+03           1.46573E-07
      1.24219E+03           1.67313E-07
      1.24414E+03           1.75613E-07
      1.24609E+03           1.86261E-07
      1.24805E+03           1.42022E-07
      1.25000E+03           1.59802E-07
      1.25195E+03           1.86208E-07
      1.25391E+03           1.56324E-07
      1.25586E+03           1.58008E-07
      1.25781E+03           1.58755E-07
      1.25977E+03           1.47330E-07
      1.26172E+03           1.70654E-07
      1.26367E+03           1.61876E-07
      1.26563E+03           1.53202E-07
      1.26758E+03           1.40777E-07
      1.26953E+03           1.50366E-07
      1.27148E+03           1.39960E-07
      1.27344E+03           1.54951E-07
      1.27539E+03           1.58036E-07
      1.27734E+03           1.25155E-07
      1.27930E+03           1.63210E-07
      1.28125E+03           1.33791E-07
      1.28320E+03           1.46439E-07
      1.28516E+03           1.46941E-07
      1.28711E+03           1.26194E-07
      1.28906E+03           1.47644E-07
      1.29102E+03           1.54417E-07
      1.29297E+03           1.22871E-07
      1.29492E+03           1.31214E-07
      1.29688E+03           1.35467E-07
      1.29883E+03           1.50434E-07
      1.30078E+03           1.86522E-07
      1.30273E+03           1.32601E-07
      1.30469E+03           1.41013E-07
      1.30664E+03           1.23997E-07
      1.30859E+03           1.26077E-07
      1.31055E+03           1.24254E-07
      1.31250E+03           1.25623E-07
      1.31445E+03           1.30990E-07
      1.31641E+03           1.16636E-07
      1.31836E+03           1.00437E-07
      1.32031E+03           1.14683E-07
      1.32227E+03           1.25174E-07
      1.32422E+03           1.39723E-07
      1.32617E+03           1.30554E-07
      1.32813E+03           1.05422E-07
      1.33008E+03           1.41630E-07
      1.33203E+03           1.10974E-07
      1.33398E+03           9.30087E-08
      1.33594E+03           1.21069E-07
      1.33789E+03           8.89606E-08
      1.33984E+03           1.15215E-07
      1.34180E+03           1.04900E-07
      1.34375E+03           1.17879E-07
      1.34570E+03           9.33945E-08
      1.34766E+03           9.90006E-08
      1.34961E+03           1.14860E-07
      1.35156E+03           1.02482E-07
      1.35352E+03           1.07080E-07
      1.35547E+03           1.02345E-07
      1.35742E+03           1.13195E-07
      1.35938E+03           8.57425E-08
      1.36133E+03           1.08226E-07
      1.36328E+03           9.86844E-08
      1.36523E+03           9.75195E-08
      1.36719E+03           9.40290E-08
      1.36914E+03           1.01118E-07
      1.37109E+03           9.55506E-08
      1.37305E+03           9.34645E-08
      1.37500E+03           9.80228E-08
      1.37695E+03           9.85615E-08
      1.37891E+03           8.49768E-08
      1.38086E+03           8.10357E-08
      1.38281E+03           9.31409E-08
      1.38477E+03           9.11010E-08
      1.38672E+03           8.55080E-08
      1.38867E+03           1.03240E-07
      1.39063E+03           1.04265E-07
      1.39258E+03           7.59580E-08
      1.39453E+03           8.21427E-08
      1.39648E+03           8.65190E-08
      1.39844E+03           8.97971E-08
      1.40039E+03           8.73534E-08
      1.40234E+03           8.76081E-08
      1.40430E+03           9.21315E-08
      1.40625E+03           8.30125E-08
      1.40820E+03           9.02130E-08
      1.41016E+03           9.31828E-08
      1.41211E+03           9.05949E-08
      1.41406E+03           6.47241E-08
      1.41602E+03           8.24605E-08
      1.41797E+03           8.09614E-08
      1.41992E+03           7.34790E-08
      1.42188E+03           7.82619E-08
      1.42383E+03           8.21614E-08
      1.42578E+03           7.24609E-08
      1.42773E+03           8.13365E-08
      1.42969E+03           6.81952E-08
      1.43164E+03           8.43660E-08
      1.43359E+03           5.98108E-08
      1.43555E+03           6.01089E-08
      1.43750E+03           7.74574E-08
      1.43945E+03           7.64377E-08
      1.44141E+03           7.41265E-08
      1.44336E+03           6.38458E-08
      1.44531E+03           6.85590E-08
      1.44727E+03           6.22961E-08
      1.44922E+03           7.94419E-08
      1.45117E+03           6.32341E-08
      1.45313E+03           6.46800E-08
      1.45508E+03           7.72085E-08
      1.45703E+03           5.54947E-08
      1.45898E+03           6.74550E-08
      1.46094E+03           6.68414E-08
      1.46289E+03           7.69252E-08
      1.46484E+03           7.72925E-08
      1.46680E+03           7.67225E-08
      1.46875E+03           6.59715E-08
      1.47070E+03           7.43703E-08
      1.47266E+03           6.04091E-08
      1.47461E+03           6.69485E-08
      1.47656E+03           6.12072E-08
      1.47852E+03           5.88417E-08
      1.48047E+03           6.05128E-08
      1.48242E+03           5.81398E-08
      1.48438E+03           6.46988E-08
      1.48633E+03           5.35684E-08
      1.48828E+03           6.13329E-08
      1.49023E+03           5.54010E-08
      1.49219E+03           6.66900E-08
      1.49414E+03           6.28322E-08
      1.49609E+03           6.40245E-08
      1.49805E+03           6.62712E-08
      1.50000E+03           6.44198E-08
      1.50195E+03           4.77236E-08
      1.50391E+03           5.14451E-08
      1.50586E+03           5.32917E-08
      1.50781E+03           6.31464E-08
      1.50977E+03           5.16786E-08
      1.51172E+03           5.79754E-08
      1.51367E+03           5.47711E-08
      1.51563E+03           5.36221E-08
      1.51758E+03           5.31082E-08
      1.51953E+03           4.61994E-08
      1.52148E+03           5.24745E-08
      1.52344E+03           4.78062E-08
      1.52539E+03           4.72613E-08
      1.52734E+03           5.48143E-08
      1.52930E+03           5.47804E-08
      1.53125E+03           5.50364E-08
      1.53320E+03           5.05971E-08
      1.53516E+03           5.81843E-08
      1.53711E+03           4.90087E-08
      1.53906E+03           5.51542E-08
      1.54102E+03           5.53191E-08
      1.54297E+03           5.75338E-08
      1.54492E+03           5.27980E-08
      1.54688E+03           4.32997E-08
      1.54883E+03           4.36028E-08
      1.55078E+03           4.42380E-08
      1.55273E+03           5.03317E-08
      1.55469E+03           4.88655E-08
      1.55664E+03           5.65794E-08
      1.55859E+03           4.03080E-08
      1.56055E+03           4.03127E-08
      1.56250E+03           4.23098E-08
      1.56445E+03           5.05364E-08
      1.56641E+03           4.25162E-08
      1.56836E+03           4.99625E-08
      1.57031E+03           4.17596E-08
      1.57227E+03           4.91352E-08
      1.57422E+03           4.52681E-08
      1.57617E+03           3.89169E-08
      1.57813E+03           5.11687E-08
      1.58008E+03           4.00203E-08
      1.58203E+03           3.73676E-08
      1.58398E+03           5.66839E-08
      1.58594E+03           6.32251E-08
      1.58789E+03           2.36639E-07
      1.58984E+03           5.32189E-08
      1.59180E+03           3.91134E-08
      1.59375E+03           4.42457E-08
      1.59570E+03           4.60693E-08
      1.59766E+03           4.31233E-08
      1.59961E+03           4.41320E-08
      1.60156E+03           4.14972E-08
      1.60352E+03           3.73591E-08
      1.60547E+03           3.80342E-08
      1.60742E+03           3.83259E-08
      1.60938E+03           3.90307E-08
      1.61133E+03           4.31945E-08
      1.61328E+03           3.88822E-08
      1.61523E+03           3.65154E-08
      1.61719E+03           3.35548E-08
      1.61914E+03           3.85290E-08
      1.62109E+03           3.98465E-08
      1.62305E+03           3.74764E-08
      1.62500E+03           4.12474E-08
      1.62695E+03           3.53402E-08
      1.62891E+03           3.22251E-08
      1.63086E+03           3.59626E-08
      1.63281E+03           3.24112E-08
      1.63477E+03           3.30680E-08
      1.63672E+03           3.23658E-08
      1.63867E+03           3.21664E-08
      1.64063E+03           3.44976E-08
      1.64258E+03           3.81522E-08
      1.64453E+03           3.16317E-08
      1.64648E+03           3.28043E-08
      1.64844E+03           3.38558E-08
      1.65039E+03           3.28016E-08
      1.65234E+03           3.12256E-08
      1.65430E+03           3.53012E-08
      1.65625E+03           3.19206E-08
      1.65820E+03           3.45062E-08
      1.66016E+03           3.03459E-08
      1.66211E+03           3.37383E-08
      1.66406E+03           3.08549E-08
      1.66602E+03           2.63406E-08
      1.66797E+03           3.11831E-08
      1.66992E+03           2.84324E-08
      1.67188E+03           3.26595E-08
      1.67383E+03           2.93907E-08
      1.67578E+03           2.76175E-08
      1.67773E+03           3.55121E-08
      1.67969E+03           2.91137E-08
      1.68164E+03           3.31137E-08
      1.68359E+03           2.88382E-08
      1.68555E+03           2.50728E-08
      1.68750E+03           2.57349E-08
      1.68945E+03           2.51129E-08
      1.69141E+03           3.08233E-08
      1.69336E+03           2.69200E-08
      1.69531E+03           3.12000E-08
      1.69727E+03           2.76671E-08
      1.69922E+03           3.19496E-08
      1.70117E+03           2.98005E-08
      1.70313E+03           2.82362E-08
      1.70508E+03           3.02711E-08
      1.70703E+03           2.59295E-08
      1.70898E+03           2.75972E-08
      1.71094E+03           2.71125E-08
      1.71289E+03           3.12712E-08
      1.71484E+03           2.64184E-08
      1.71680E+03           2.68177E-08
      1.71875E+03           2.42332E-08
      1.72070E+03           2.20270E-08
      1.72266E+03           2.27422E-08
      1.72461E+03           2.47493E-08
      1.72656E+03           2.57393E-08
      1.72852E+03           2.41337E-08
      1.73047E+03           2.36081E-08
      1.73242E+03           2.35539E-08
      1.73438E+03           2.72886E-08
      1.73633E+03           1.98826E-08
      1.73828E+03           1.79130E-08
      1.74023E+03           2.70229E-08
      1.74219E+03           2.42711E-08
      1.74414E+03           2.55658E-08
      1.74609E+03           2.50191E-08
      1.74805E+03           2.07863E-08
      1.75000E+03           2.18704E-08
      1.75195E+03           2.62665E-08
      1.75391E+03           2.09360E-08
      1.75586E+03           2.29525E-08
      1.75781E+03           2.14373E-08
      1.75977E+03           2.22212E-08
      1.76172E+03           1.79251E-08
      1.76367E+03           2.09314E-08
      1.76563E+03           1.88428E-08
      1.76758E+03           2.10553E-08
      1.76953E+03           2.61173E-08
      1.77148E+03           2.02750E-08
      1.77344E+03           1.93300E-08
      1.77539E+03           2.43387E-08
      1.77734E+03           2.12834E-08
      1.77930E+03           1.98948E-08
      1.78125E+03           2.31260E-08
      1.78320E+03           2.46083E-08
      1.78516E+03           2.30114E-08
      1.78711E+03           1.65862E-08
      1.78906E+03           2.12906E-08
      1.79102E+03           1.95827E-08
      1.79297E+03           1.80474E-08
      1.79492E+03           2.26018E-08
      1.79688E+03           1.57623E-08
      1.79883E+03           2.02450E-08
      1.80078E+03           1.78872E-08
      1.80273E+03           1.79091E-08
      1.80469E+03           1.99053E-08
      1.80664E+03           1.57868E-08
      1.80859E+03           1.68031E-08
      1.81055E+03           1.82441E-08
      1.81250E+03           1.66383E-08
      1.81445E+03           1.86583E-08
      1.81641E+03           1.57429E-08
      1.81836E+03           1.46079E-08
      1.82031E+03           1.74807E-08
      1.82227E+03           1.98641E-08
      1.82422E+03           1.90578E-08
      1.82617E+03           1.71183E-08
      1.82813E+03           1.89095E-08
      1.83008E+03           1.36171E-08
      1.83203E+03           1.73742E-08
      1.83398E+03           2.05501E-08
      1.83594E+03           1.64659E-08
      1.83789E+03           1.68323E-08
      1.83984E+03           1.39727E-08
      1.84180E+03           1.36123E-08
      1.84375E+03           1.61994E-08
      1.84570E+03           1.45382E-08
      1.84766E+03           1.66862E-08
      1.84961E+03           1.57760E-08
      1.85156E+03           1.72753E-08
      1.85352E+03           1.69732E-08
      1.85547E+03           1.80903E-08
      1.85742E+03           1.25014E-08
      1.85938E+03           1.52238E-08
      1.86133E+03           1.52461E-08
      1.86328E+03           1.55101E-08
      1.86523E+03           1.47573E-08
      1.86719E+03           1.31475E-08
      1.86914E+03           1.76562E-08
      1.87109E+03           1.46652E-08
      1.87305E+03           1.56605E-08
      1.87500E+03           1.64318E-08
      1.87695E+03           1.32584E-08
      1.87891E+03           1.20381E-08
      1.88086E+03           1.27378E-08
      1.88281E+03           1.40126E-08
      1.88477E+03           1.35460E-08
      1.88672E+03           1.35318E-08
      1.88867E+03           1.54508E-08
      1.89063E+03           1.26048E-08
      1.89258E+03           1.46319E-08
      1.89453E+03           1.65671E-08
      1.89648E+03           1.37233E-08
      1.89844E+03           1.14741E-08
      1.90039E+03           1.41889E-08
      1.90234E+03           1.30089E-08
      1.90430E+03           1.35489E-08
      1.90625E+03           1.12774E-08
      1.90820E+03           1.20059E-08
      1.91016E+03           1.38716E-08
      1.91211E+03           1.41378E-08
      1.91406E+03           1.26629E-08
      1.91602E+03           1.18046E-08
      1.91797E+03           1.39108E-08
      1.91992E+03           1.23412E-08
      1.92188E+03           1.26780E-08
      1.92383E+03           1.36427E-08
      1.92578E+03           1.18421E-08
      1.92773E+03           1.29574E-08
      1.92969E+03           1.33407E-08
      1.93164E+03           1.43707E-08
      1.93359E+03           1.11103E-08
      1.93555E+03           1.21668E-08
      1.93750E+03           1.03580E-08
      1.93945E+03           1.23480E-08
      1.94141E+03           1.22369E-08
      1.94336E+03           9.87094E-09
      1.94531E+03           1.09817E-08
      1.94727E+03           1.04417E-08
      1.94922E+03           1.17248E-08
      1.95117E+03           1.26238E-08
      1.95313E+03           1.15041E-08
      1.95508E+03           9.18137E-09
      1.95703E+03           9.65106E-09
      1.95898E+03           1.01720E-08
      1.96094E+03           1.10597E-08
      1.96289E+03           1.01139E-08
      1.96484E+03           1.24473E-08
      1.96680E+03           1.00823E-08
      1.96875E+03           1.15570E-08
      1.97070E+03           1.08681E-08
      1.97266E+03           1.15383E-08
      1.97461E+03           9.40007E-09
      1.97656E+03           1.04430E-08
      1.97852E+03           1.07637E-08
      1.98047E+03           1.10721E-08
      1.98242E+03           9.91831E-09
      1.98438E+03           9.81072E-09
      1.98633E+03           1.01939E-08
      1.98828E+03           1.08109E-08
      1.99023E+03           1.03490E-08
      1.99219E+03           1.07477E-08
      1.99414E+03           9.32855E-09
      1.99609E+03           1.07291E-08
      1.99805E+03           1.09124E-08
      2.00000E+03           1.04293E-08
      2.00195E+03           1.05212E-08
      2.00391E+03           7.96805E-09
      2.00586E+03           9.69326E-09
      2.00781E+03           9.37392E-09
      2.00977E+03           1.10146E-08
      2.01172E+03           9.48190E-09
      2.01367E+03           1.12359E-08
      2.01563E+03           1.03478E-08
      2.01758E+03           1.09283E-08
      2.01953E+03           8.70338E-09
      2.02148E+03           7.91345E-09
      2.02344E+03           8.69599E-09
      2.02539E+03           9.24580E-09
      2.02734E+03           7.09390E-09
      2.02930E+03           8.96678E-09
      2.03125E+03           8.36969E-09
      2.03320E+03           8.74455E-09
      2.03516E+03           1.05230E-08
      2.03711E+03           8.69460E-09
      2.03906E+03           8.43330E-09
      2.04102E+03           9.16771E-09
      2.04297E+03           9.60220E-09
      2.04492E+03           8.53276E-09
      2.04688E+03           7.75397E-09
      2.04883E+03           7.94015E-09
      2.05078E+03           8.22367E-09
      2.05273E+03           6.92894E-09
      2.05469E+03           7.88509E-09
      2.05664E+03           8.29356E-09
      2.05859E+03           7.57534E-09
      2.06055E+03           6.67048E-09
      2.06250E+03           6.78462E-09
      2.06445E+03           7.23683E-09
      2.06641E+03           8.40260E-09
      2.06836E+03           8.40217E-09
      2.07031E+03           6.94020E-09
      2.07227E+03           7.18293E-09
      2.07422E+03           7.72341E-09
      2.07617E+03           7.62629E-09
      2.07813E+03           7.76158E-09
      2.08008E+03           6.25939E-09
      2.08203E+03           7.94825E-09
      2.08398E+03           7.38132E-09
      2.08594E+03           7.84675E-09
      2.08789E+03           6.74742E-09
      2.08984E+03           7.68046E-09
      2.09180E+03           7.78970E-09
      2.09375E+03           5.22654E-09
      2.09570E+03           6.34770E-09
      2.09766E+03           7.58193E-09
      2.09961E+03           6.76131E-09
      2.10156E+03           6.48633E-09
      2.10352E+03           6.20787E-09
      2.10547E+03           5.95196E-09
      2.10742E+03           7.12780E-09
      2.10938E+03           6.29267E-09
      2.11133E+03           6.42191E-09
      2.11328E+03           6.61709E-09
      2.11523E+03           6.18779E-09
      2.11719E+03           5.79516E-09
      2.11914E+03           5.47167E-09
      2.12109E+03           6.93495E-09
      2.12305E+03           6.96329E-09
      2.12500E+03           5.92992E-09
      2.12695E+03           6.81190E-09
      2.12891E+03           7.13279E-09
      2.13086E+03           7.24599E-09
      2.13281E+03           6.37528E-09
      2.13477E+03           6.17136E-09
      2.13672E+03           6.51446E-09
      2.13867E+03           6.82816E-09
      2.14063E+03           7.28035E-09
      2.14258E+03           6.38051E-09
      2.14453E+03           5.37442E-09
      2.14648E+03           7.47541E-09
      2.14844E+03           6.12908E-09
      2.15039E+03           6.15063E-09
      2.15234E+03           6.42574E-09
      2.15430E+03           6.38729E-09
      2.15625E+03           5.84680E-09
      2.15820E+03           6.52226E-09
      2.16016E+03           6.78922E-09
      2.16211E+03           5.47085E-09
      2.16406E+03           5.58130E-09
      2.16602E+03           5.09999E-09
      2.16797E+03           6.55015E-09
      2.16992E+03           5.88425E-09
      2.17188E+03           5.60654E-09
      2.17383E+03           6.21619E-09
      2.17578E+03           5.77765E-09
      2.17773E+03           4.92133E-09
      2.17969E+03           6.32686E-09
      2.18164E+03           5.46404E-09
      2.18359E+03           4.95562E-09
      2.18555E+03           5.44018E-09
      2.18750E+03           6.14848E-09
      2.18945E+03           5.32790E-09
      2.19141E+03           5.89059E-09
      2.19336E+03           6.20651E-09
      2.19531E+03           6.37641E-09
      2.19727E+03           5.04617E-09
      2.19922E+03           4.71357E-09
      2.20117E+03           5.35485E-09
      2.20313E+03           5.62572E-09
      2.20508E+03           4.77495E-09
      2.20703E+03           6.46128E-09
      2.20898E+03           4.44143E-09
      2.21094E+03           4.58624E-09
      2.21289E+03           6.15496E-09
      2.21484E+03           5.04827E-09
      2.21680E+03           4.79614E-09
      2.21875E+03           4.48315E-09
      2.22070E+03           4.79547E-09
      2.22266E+03           5.08989E-09
      2.22461E+03           5.81159E-09
      2.22656E+03           4.73311E-09
      2.22852E+03           3.62126E-09
      2.23047E+03           4.39135E-09
      2.23242E+03           4.44904E-09
      2.23438E+03           3.88347E-09
      2.23633E+03           4.40729E-09
      2.23828E+03           4.81482E-09
      2.24023E+03           3.56014E-09
      2.24219E+03           4.84058E-09
      2.24414E+03           4.00378E-09
      2.24609E+03           4.22235E-09
      2.24805E+03           4.44173E-09
      2.25000E+03           3.30968E-09
      2.25195E+03           4.72337E-09
      2.25391E+03           4.35342E-09
      2.25586E+03           3.45062E-09
      2.25781E+03           3.96605E-09
      2.25977E+03           4.93985E-09
      2.26172E+03           4.36006E-09
      2.26367E+03           3.89051E-09
      2.26563E+03           4.05184E-09
      2.26758E+03           3.95456E-09
      2.26953E+03           3.71140E-09
      2.27148E+03           3.44569E-09
      2.27344E+03           3.92704E-09
      2.27539E+03           4.01683E-09
      2.27734E+03           5.09693E-09
      2.27930E+03           3.71584E-09
      2.28125E+03           3.96867E-09
      2.28320E+03           4.38666E-09
      2.28516E+03           4.40227E-09
      2.28711E+03           3.93750E-09
      2.28906E+03           3.48883E-09
      2.29102E+03           3.79546E-09
      2.29297E+03           3.76852E-09
      2.29492E+03           3.26827E-09
      2.29688E+03           3.71596E-09
      2.29883E+03           3.31412E-09
      2.30078E+03           5.07358E-09
      2.30273E+03           3.33317E-09
      2.30469E+03           4.44277E-09
      2.30664E+03           3.72115E-09
      2.30859E+03           4.09763E-09
      2.31055E+03           3.28465E-09
      2.31250E+03           3.41073E-09
      2.31445E+03           4.29488E-09
      2.31641E+03           3.80388E-09
      2.31836E+03           3.34206E-09
      2.32031E+03           3.85494E-09
      2.32227E+03           3.85644E-09
      2.32422E+03           3.26973E-09
      2.32617E+03           3.29505E-09
      2.32813E+03           4.20835E-09
      2.33008E+03           3.02271E-09
      2.33203E+03           3.24283E-09
      2.33398E+03           2.80065E-09
      2.33594E+03           3.95047E-09
      2.33789E+03           3.03022E-09
      2.33984E+03           3.15580E-09
      2.34180E+03           3.59728E-09
      2.34375E+03           3.59855E-09
      2.34570E+03           3.29684E-09
      2.34766E+03           3.16805E-09
      2.34961E+03           2.88321E-09
      2.35156E+03           2.97121E-09
      2.35352E+03           3.14177E-09
      2.35547E+03           3.25976E-09
      2.35742E+03           3.49321E-09
      2.35938E+03           3.26210E-09
      2.36133E+03           2.43013E-09
      2.36328E+03           2.63164E-09
      2.36523E+03           3.07238E-09
      2.36719E+03           2.69138E-09
      2.36914E+03           2.73079E-09
      2.37109E+03           2.35698E-09
      2.37305E+03           2.79354E-09
      2.37500E+03           2.72034E-09
      2.37695E+03           3.05330E-09
      2.37891E+03           3.37306E-09
      2.38086E+03           2.78040E-09
      2.38281E+03           3.07416E-09
      2.38477E+03           3.01799E-09
      2.38672E+03           2.73548E-09
      2.38867E+03           3.30333E-09
      2.39063E+03           2.69374E-09
      2.39258E+03           3.04946E-09
      2.39453E+03           2.92662E-09
      2.39648E+03           3.22566E-09
      2.39844E+03           3.01749E-09
      2.40039E+03           2.64191E-09
      2.40234E+03           2.73715E-09
      2.40430E+03           2.55522E-09
      2.40625E+03           2.91759E-09
      2.40820E+03           2.57161E-09
      2.41016E+03           2.68119E-09
      2.41211E+03           2.54997E-09
      2.41406E+03           2.71071E-09
      2.41602E+03           2.76167E-09
      2.41797E+03           2.69888E-09
      2.41992E+03           2.58338E-09
      2.42188E+03           2.58344E-09
      2.42383E+03           2.17521E-09
      2.42578E+03           2.00384E-09
      2.42773E+03           2.15999E-09
      2.42969E+03           2.20936E-09
      2.43164E+03           2.95306E-09
      2.43359E+03           2.52037E-09
      2.43555E+03           2.23005E-09
      2.43750E+03           2.61131E-09
      2.43945E+03           2.65036E-09
      2.44141E+03           2.58409E-09
      2.44336E+03           2.77144E-09
      2.44531E+03           2.40799E-09
      2.44727E+03           2.36840E-09
      2.44922E+03           2.19997E-09
      2.45117E+03           2.73651E-09
      2.45313E+03           2.47909E-09
      2.45508E+03           2.08509E-09
      2.45703E+03           2.32704E-09
      2.45898E+03           2.04436E-09
      2.46094E+03           1.87621E-09
      2.46289E+03           1.97383E-09
      2.46484E+03           2.09411E-09
      2.46680E+03           2.13292E-09
      2.46875E+03           2.39893E-09
      2.47070E+03           2.42657E-09
      2.47266E+03           2.42002E-09
      2.47461E+03           2.25631E-09
      2.47656E+03           1.88330E-09
      2.47852E+03           2.18469E-09
      2.48047E+03           2.15343E-09
      2.48242E+03           2.15618E-09
      2.48438E+03           1.91997E-09
      2.48633E+03           2.15693E-09
      2.48828E+03           2.08597E-09
      2.49023E+03           2.31021E-09
      2.49219E+03           2.44621E-09
      2.49414E+03           1.92736E-09
      2.49609E+03           2.65176E-09
      2.49805E+03           2.01968E-09
      2.50000E+03           2.30802E-09
      2.50195E+03           1.97722E-09
      2.50391E+03           2.25236E-09
      2.50586E+03           2.37456E-09
      2.50781E+03           1.77280E-09
      2.50977E+03           1.97736E-09
      2.51172E+03           1.94956E-09
      2.51367E+03           1.97054E-09
      2.51563E+03           2.35933E-09
      2.51758E+03           1.84994E-09
      2.51953E+03           1.74604E-09
      2.52148E+03           1.81444E-09
      2.52344E+03           2.51492E-09
      2.52539E+03           1.74670E-09
      2.52734E+03           1.83129E-09
      2.52930E+03           1.95534E-09
      2.53125E+03           2.01258E-09
      2.53320E+03           1.88800E-09
      2.53516E+03           2.16336E-09
      2.53711E+03           1.81679E-09
      2.53906E+03           1.86298E-09
      2.54102E+03           2.13600E-09
      2.54297E+03           1.82076E-09
      2.54492E+03           1.77705E-09
      2.54688E+03           1.93015E-09
      2.54883E+03           1.95518E-09
      2.55078E+03           1.55684E-09
      2.55273E+03           1.59001E-09
      2.55469E+03           1.94917E-09
      2.55664E+03           1.46946E-09
      2.55859E+03           1.73837E-09
      2.56055E+03           1.89685E-09
      2.56250E+03           1.60605E-09
      2.56445E+03           1.63810E-09
      2.56641E+03           1.89975E-09
      2.56836E+03           1.78022E-09
      2.57031E+03           1.62066E-09
      2.57227E+03           1.45493E-09
      2.57422E+03           1.80643E-09
      2.57617E+03           1.61478E-09
      2.57813E+03           1.41667E-09
      2.58008E+03           1.62297E-09
      2.58203E+03           1.61749E-09
      2.58398E+03           1.59240E-09
      2.58594E+03           1.59317E-09
      2.58789E+03           1.67765E-09
      2.58984E+03           1.66611E-09
      2.59180E+03           1.33397E-09
      2.59375E+03           1.55873E-09
      2.59570E+03           1.33038E-09
      2.59766E+03           1.23519E-09
      2.59961E+03           1.59337E-09
      2.60156E+03           1.71181E-09
      2.60352E+03           1.53744E-09
      2.60547E+03           1.42296E-09
      2.60742E+03           1.54907E-09
      2.60938E+03           1.72655E-09
      2.61133E+03           1.45131E-09
      2.61328E+03           1.32487E-09
      2.61523E+03           1.45951E-09
      2.61719E+03           1.37265E-09
      2.61914E+03           1.51288E-09
      2.62109E+03           1.41886E-09
      2.62305E+03           1.55374E-09
      2.62500E+03           1.43235E-09
      2.62695E+03           1.47976E-09
      2.62891E+03           1.29327E-09
      2.63086E+03           1.54889E-09
      2.63281E+03           1.36523E-09
      2.63477E+03           1.21992E-09
      2.63672E+03           1.29524E-09
      2.63867E+03           1.46036E-09
      2.64063E+03           1.56100E-09
      2.64258E+03           1.31000E-09
      2.64453E+03           1.53997E-09
      2.64648E+03           1.26096E-09
      2.64844E+03           1.42885E-09
      2.65039E+03           1.60401E-09
      2.65234E+03           1.47390E-09
      2.65430E+03           1.35735E-09
      2.65625E+03           1.24382E-09
      2.65820E+03           1.24146E-09
      2.66016E+03           1.57441E-09
      2.66211E+03           1.53387E-09
      2.66406E+03           1.10927E-09
      2.66602E+03           1.34240E-09
      2.66797E+03           1.22853E-09
      2.66992E+03           1.28098E-09
      2.67188E+03           1.24985E-09
      2.67383E+03           1.19015E-09
      2.67578E+03           1.05806E-09
      2.67773E+03           1.15142E-09
      2.67969E+03           1.24338E-09
      2.68164E+03           1.25826E-09
      2.68359E+03           1.27335E-09
      2.68555E+03           1.30072E-09
      2.68750E+03           1.30094E-09
      2.68945E+03           1.35555E-09
      2.69141E+03           1.06807E-09
      2.69336E+03           1.37372E-09
      2.69531E+03           1.36573E-09
      2.69727E+03           1.21872E-09
      2.69922E+03           1.30446E-09
      2.70117E+03           1.41315E-09
      2.70313E+03           1.17406E-09
      2.70508E+03           1.03156E-09
      2.70703E+03           9.33489E-10
      2.70898E+03           1.19660E-09
      2.71094E+03           1.45754E-09
      2.71289E+03           1.25308E-09
      2.71484E+03           1.23415E-09
      2.71680E+03           1.24103E-09
      2.71875E+03           1.22867E-09
      2.72070E+03           1.18074E-09
      2.72266E+03           1.09530E-09
      2.72461E+03           1.16579E-09
      2.72656E+03           1.00810E-09
      2.72852E+03           1.03693E-09
      2.73047E+03           1.10518E-09
      2.73242E+03           1.19668E-09
      2.73438E+03           1.14628E-09
      2.73633E+03           1.16122E-09
      2.73828E+03           1.36468E-09
      2.74023E+03           1.01703E-09
      2.74219E+03           1.06487E-09
      2.74414E+03           1.23822E-09
      2.74609E+03           1.28216E-09
      2.74805E+03           8.72682E-10
      2.75000E+03           9.52341E-10
      2.75195E+03           9.22741E-10
      2.75391E+03           1.01789E-09
      2.75586E+03           1.01618E-09
      2.75781E+03           1.12177E-09
      2.75977E+03           9.79361E-10
      2.76172E+03           8.67116E-10
      2.76367E+03           9.65991E-10
      2.76563E+03           1.03063E-09
      2.76758E+03           1.03699E-09
      2.76953E+03           9.48599E-10
      2.77148E+03           1.07856E-09
      2.77344E+03           8.52088E-10
      2.77539E+03           8.60204E-10
      2.77734E+03           9.40695E-10
      2.77930E+03           9.58202E-10
      2.78125E+03           1.02187E-09
      2.78320E+03           8.81794E-10
      2.78516E+03           1.07042E-09
      2.78711E+03           9.15355E-10
      2.78906E+03           9.74800E-10
      2.79102E+03           1.05730E-09
      2.79297E+03           8.51990E-10
      2.79492E+03           9.96509E-10
      2.79688E+03           8.41195E-10
      2.79883E+03           9.09975E-10
      2.80078E+03           7.53415E-10
      2.80273E+03           8.65461E-10
      2.80469E+03           1.02255E-09
      2.80664E+03           9.57771E-10
      2.80859E+03           1.06242E-09
      2.81055E+03           7.91828E-10
      2.81250E+03           9.96000E-10
      2.81445E+03           9.69442E-10
      2.81641E+03           9.86613E-10
      2.81836E+03           1.00026E-09
      2.82031E+03           9.37623E-10
      2.82227E+03           9.78621E-10
      2.82422E+03           8.27098E-10
      2.82617E+03           1.08024E-09
      2.82813E+03           7.81223E-10
      2.83008E+03           9.19776E-10
      2.83203E+03           9.14721E-10
      2.83398E+03           8.72496E-10
      2.83594E+03           8.55431E-10
      2.83789E+03           8.18776E-10
      2.83984E+03           9.22826E-10
      2.84180E+03           7.76770E-10
      2.84375E+03           8.69829E-10
      2.84570E+03           8.25120E-10
      2.84766E+03           1.03608E-09
      2.84961E+03           7.29680E-10
      2.85156E+03           8.11674E-10
      2.85352E+03           8.64895E-10
      2.85547E+03           1.01295E-09
      2.85742E+03           6.82857E-10
      2.85938E+03           9.00955E-10
      2.86133E+03           7.68093E-10
      2.86328E+03           8.63905E-10
      2.86523E+03           9.70894E-10
      2.86719E+03           7.88637E-10
      2.86914E+03           8.92114E-10
      2.87109E+03           7.98433E-10
      2.87305E+03           8.17457E-10
      2.87500E+03           7.91316E-10
      2.87695E+03           6.98796E-10
      2.87891E+03           5.83633E-10
      2.88086E+03           8.31623E-10
      2.88281E+03           7.84615E-10
      2.88477E+03           8.41763E-10
      2.88672E+03           7.58510E-10
      2.88867E+03           7.47777E-10
      2.89063E+03           8.41979E-10
      2.89258E+03           7.46816E-10
      2.89453E+03           7.55245E-10
      2.89648E+03           7.34438E-10
      2.89844E+03           5.83813E-10
      2.90039E+03           7.15854E-10
      2.90234E+03           6.77124E-10
      2.90430E+03           7.77712E-10
      2.90625E+03           6.60154E-10
      2.90820E+03           7.22869E-10
      2.91016E+03           6.08414E-10
      2.91211E+03           7.29530E-10
      2.91406E+03           7.17833E-10
      2.91602E+03           7.37349E-10
      2.91797E+03           7.81719E-10
      2.91992E+03           7.97995E-10
      2.92188E+03           6.83030E-10
      2.92383E+03           6.76539E-10
      2.92578E+03           7.60726E-10
      2.92773E+03           7.69827E-10
      2.92969E+03           8.10198E-10
      2.93164E+03           7.06229E-10
      2.93359E+03           7.45640E-10
      2.93555E+03           8.47108E-10
      2.93750E+03           9.83028E-10
      2.93945E+03           1.01489E-09
      2.94141E+03           7.77590E-10
      2.94336E+03           5.86136E-10
      2.94531E+03           7.29642E-10
      2.94727E+03           8.38511E-10
      2.94922E+03           5.69064E-10
      2.95117E+03           7.51783E-10
      2.95313E+03           6.64204E-10
      2.95508E+03           6.48572E-10
      2.95703E+03           7.13294E-10
      2.95898E+03           6.65452E-10
      2.96094E+03           7.89328E-10
      2.96289E+03           5.60169E-10
      2.96484E+03           6.98560E-10
      2.96680E+03           7.17195E-10
      2.96875E+03           6.19788E-10
      2.97070E+03           6.73118E-10
      2.97266E+03           6.73139E-10
      2.97461E+03           7.17039E-10
      2.97656E+03           7.55981E-10
      2.97852E+03           5.82267E-10
      2.98047E+03           6.94567E-10
      2.98242E+03           6.74517E-10
      2.98438E+03           6.46175E-10
      2.98633E+03           5.96246E-10
      2.98828E+03           6.37845E-10
      2.99023E+03           7.82382E-10
      2.99219E+03           7.03022E-10
      2.99414E+03           6.66795E-10
      2.99609E+03           7.65789E-10
      2.99805E+03           7.00751E-10
      3.00000E+03           6.90395E-10
      3.00195E+03           5.85005E-10
      3.00391E+03           6.19217E-10
      3.00586E+03           5.96402E-10
      3.00781E+03           7.03935E-10
      3.00977E+03           5.86874E-10
      3.01172E+03           6.44727E-10
      3.01367E+03           5.65727E-10
      3.01563E+03           6.78937E-10
      3.01758E+03           5.09642E-10
      3.01953E+03           6.03639E-10
      3.02148E+03           5.54633E-10
      3.02344E+03           6.70096E-10
      3.02539E+03           5.50919E-10
      3.02734E+03           5.72176E-10
      3.02930E+03           5.94011E-10
      3.03125E+03           6.50208E-10
      3.03320E+03           6.13234E-10
      3.03516E+03           7.04033E-10
      3.03711E+03           5.27034E-10
      3.03906E+03           7.45724E-10
      3.04102E+03           6.88898E-10
      3.04297E+03           8.27860E-10
      3.04492E+03           7.61286E-10
      3.04688E+03           7.74809E-10
      3.04883E+03           9.58679E-10
      3.05078E+03           7.82011E-10
      3.05273E+03           9.24784E-10
      3.05469E+03           1.00286E-09
      3.05664E+03           9.82373E-10
      3.05859E+03           6.74108E-10
      3.06055E+03           6.94763E-10
      3.06250E+03           6.09938E-10
      3.06445E+03           6.56111E-10
      3.06641E+03           5.66799E-10
      3.06836E+03           5.89991E-10
      3.07031E+03           5.40048E-10
      3.07227E+03           5.45520E-10
      3.07422E+03           5.68386E-10
      3.07617E+03           6.61304E-10
      3.07813E+03           6.60997E-10
      3.08008E+03           6.29563E-10
      3.08203E+03           8.32825E-10
      3.08398E+03           1.10607E-09
      3.08594E+03           7.23659E-10
      3.08789E+03           5.91101E-10
      3.08984E+03           6.03690E-10
      3.09180E+03           4.57274E-10
      3.09375E+03           5.03751E-10
      3.09570E+03           5.07772E-10
      3.09766E+03           6.15443E-10
      3.09961E+03           5.24618E-10
      3.10156E+03           5.28172E-10
      3.10352E+03           5.94406E-10
      3.10547E+03           5.91878E-10
      3.10742E+03           7.22675E-10
      3.10938E+03           7.44337E-10
      3.11133E+03           7.41864E-10
      3.11328E+03           7.42835E-10
      3.11523E+03           7.52824E-10
      3.11719E+03           5.98625E-10
      3.11914E+03           6.64588E-10
      3.12109E+03           5.55992E-10
      3.12305E+03           5.43514E-10
      3.12500E+03           5.28774E-10
      3.12695E+03           5.18716E-10
      3.12891E+03           5.78020E-10
      3.13086E+03           5.79365E-10
      3.13281E+03           5.18241E-10
      3.13477E+03           4.72484E-10
      3.13672E+03           4.47325E-10
      3.13867E+03           5.67099E-10
      3.14063E+03           5.46818E-10
      3.14258E+03           5.05039E-10
      3.14453E+03           5.06601E-10
      3.14648E+03           5.62062E-10
      3.14844E+03           4.31653E-10
      3.15039E+03           4.75119E-10
      3.15234E+03           5.27056E-10
      3.15430E+03           4.62128E-10
      3.15625E+03           3.87741E-10
      3.15820E+03           5.02588E-10
      3.16016E+03           6.13475E-10
      3.16211E+03           7.13939E-10
      3.16406E+03           7.09508E-10
      3.16602E+03           8.06510E-10
      3.16797E+03           1.33942E-09
      3.16992E+03           2.46408E-09
      3.17188E+03           6.17854E-09
      3.17383E+03           3.32782E-08
      3.17578E+03           5.87638E-08
      3.17773E+03           9.92945E-09
      3.17969E+03           2.11237E-09
      3.18164E+03           9.94825E-10
      3.18359E+03           8.78118E-10
      3.18555E+03           6.69123E-10
      3.18750E+03           5.52017E-10
      3.18945E+03           5.98877E-10
      3.19141E+03           5.22444E-10
      3.19336E+03           4.85881E-10
      3.19531E+03           5.59960E-10
      3.19727E+03           4.33796E-10
      3.19922E+03           4.73382E-10
      3.20117E+03           4.72348E-10
      3.20313E+03           3.84428E-10
      3.20508E+03           4.10895E-10
      3.20703E+03           4.53760E-10
      3.20898E+03           4.39565E-10
      3.21094E+03           3.57008E-10
      3.21289E+03           4.82855E-10
      3.21484E+03           4.55133E-10
      3.21680E+03           4.53858E-10
      3.21875E+03           4.08705E-10
      3.22070E+03           4.15981E-10
      3.22266E+03           4.07160E-10
      3.22461E+03           4.03876E-10
      3.22656E+03           4.91428E-10
      3.22852E+03           9.72646E-10
      3.23047E+03           6.02528E-10
      3.23242E+03           6.14121E-10
      3.23438E+03           1.19668E-09
      3.23633E+03           2.56154E-09
      3.23828E+03           2.65168E-09
      3.24023E+03           8.85861E-10
      3.24219E+03           5.68382E-10
      3.24414E+03           5.03136E-10
      3.24609E+03           3.96162E-10
      3.24805E+03           3.86402E-10
      3.25000E+03           3.98655E-10
      3.25195E+03           5.15463E-10
      3.25391E+03           4.33271E-10
      3.25586E+03           3.93999E-10
      3.25781E+03           4.99652E-10
      3.25977E+03           4.10379E-10
      3.26172E+03           4.75860E-10
      3.26367E+03           4.38766E-10
      3.26563E+03           4.12769E-10
      3.26758E+03           4.57767E-10
      3.26953E+03           3.91859E-10
      3.27148E+03           4.26053E-10
      3.27344E+03           3.73814E-10
      3.27539E+03           4.29499E-10
      3.27734E+03           4.34518E-10
      3.27930E+03           4.51803E-10
      3.28125E+03           3.91421E-10
      3.28320E+03           4.12969E-10
      3.28516E+03           4.06906E-10
      3.28711E+03           4.44580E-10
      3.28906E+03           3.99034E-10
      3.29102E+03           4.80924E-10
      3.29297E+03           5.94437E-10
      3.29492E+03           7.37484E-10
      3.29688E+03           8.93350E-10
      3.29883E+03           8.73210E-10
      3.30078E+03           6.65305E-10
      3.30273E+03           6.31001E-10
      3.30469E+03           4.79278E-10
      3.30664E+03           5.38292E-10
      3.30859E+03           5.54258E-10
      3.31055E+03           3.62727E-10
      3.31250E+03           4.07772E-10
      3.31445E+03           3.91260E-10
      3.31641E+03           4.40406E-10
      3.31836E+03           3.87848E-10
      3.32031E+03           3.32050E-10
      3.32227E+03           3.61555E-10
      3.32422E+03           3.23208E-10
      3.32617E+03           3.13000E-10
      3.32813E+03           3.79551E-10
      3.33008E+03           3.76575E-10
      3.33203E+03           3.47984E-10
      3.33398E+03           4.06422E-10
      3.33594E+03           4.33207E-10
      3.33789E+03           3.70353E-10
      3.33984E+03           5.04004E-10
      3.34180E+03           3.77031E-10
      3.34375E+03           4.27167E-10
      3.34570E+03           3.78076E-10
      3.34766E+03           3.41909E-10
      3.34961E+03           4.00152E-10
      3.35156E+03           3.68930E-10
      3.35352E+03           4.69767E-10
      3.35547E+03           5.43056E-10
      3.35742E+03           4.87205E-10
      3.35938E+03           3.96057E-10
      3.36133E+03           4.09798E-10
      3.36328E+03           4.71442E-10
      3.36523E+03           4.87056E-10
      3.36719E+03           4.41074E-10
      3.36914E+03           5.11616E-10
      3.37109E+03           6.71750E-10
      3.37305E+03           1.40713E-09
      3.37500E+03           2.16437E-09
      3.37695E+03           1.11032E-09
      3.37891E+03           7.02597E-10
      3.38086E+03           4.30421E-10
      3.38281E+03           3.97770E-10
      3.38477E+03           3.56484E-10
      3.38672E+03           4.10653E-10
      3.38867E+03           3.42844E-10
      3.39063E+03           3.54666E-10
      3.39258E+03           3.39749E-10
      3.39453E+03           4.14501E-10
      3.39648E+03           3.83279E-10
      3.39844E+03           4.43395E-10
      3.40039E+03           3.25436E-10
      3.40234E+03           3.61664E-10
      3.40430E+03           3.82039E-10
      3.40625E+03           3.97795E-10
      3.40820E+03           3.56803E-10
      3.41016E+03           3.80000E-10
      3.41211E+03           3.76182E-10
      3.41406E+03           3.18443E-10
      3.41602E+03           3.61664E-10
      3.41797E+03           4.42275E-10
      3.41992E+03           3.90614E-10
      3.42188E+03           3.60387E-10
      3.42383E+03           3.35172E-10
      3.42578E+03           3.85947E-10
      3.42773E+03           3.77764E-10
      3.42969E+03           3.93764E-10
      3.43164E+03           3.12010E-10
      3.43359E+03           3.52408E-10
      3.43555E+03           4.30725E-10
      3.43750E+03           3.14442E-10
      3.43945E+03           2.84986E-10
      3.44141E+03           3.27075E-10
      3.44336E+03           3.05535E-10
      3.44531E+03           3.50596E-10
      3.44727E+03           3.56100E-10
      3.44922E+03           3.02313E-10
      3.45117E+03           3.38487E-10
      3.45313E+03           3.78783E-10
      3.45508E+03           3.38966E-10
      3.45703E+03           3.64047E-10
      3.45898E+03           2.97354E-10
      3.46094E+03           3.12386E-10
      3.46289E+03           3.10191E-10
      3.46484E+03           3.96819E-10
      3.46680E+03           4.15600E-10
      3.46875E+03           3.27089E-10
      3.47070E+03           3.96584E-10
      3.47266E+03           3.62662E-10
      3.47461E+03           3.37037E-10
      3.47656E+03           4.32235E-10
      3.47852E+03           2.58353E-10
      3.48047E+03           3.32734E-10
      3.48242E+03           3.26678E-10
      3.48438E+03           3.21632E-10
      3.48633E+03           3.56730E-10
      3.48828E+03           3.04693E-10
      3.49023E+03           2.89582E-10
      3.49219E+03           2.91421E-10
      3.49414E+03           2.35226E-10
      3.49609E+03           3.94073E-10
      3.49805E+03           3.36744E-10
      3.50000E+03           3.52327E-10
      3.50195E+03           2.60599E-10
      3.50391E+03           3.40469E-10
      3.50586E+03           3.14829E-10
      3.50781E+03           3.05659E-10
      3.50977E+03           2.98117E-10
      3.51172E+03           3.48042E-10
      3.51367E+03           3.51591E-10
      3.51563E+03           3.71879E-10
      3.51758E+03           3.30192E-10
      3.51953E+03           2.83764E-10
      3.52148E+03           3.66836E-10
      3.52344E+03           3.19456E-10
      3.52539E+03           3.91980E-10
      3.52734E+03           3.43085E-10
      3.52930E+03           2.88254E-10
      3.53125E+03           2.69382E-10
      3.53320E+03           3.81333E-10
      3.53516E+03           3.65147E-10
      3.53711E+03           3.15057E-10
      3.53906E+03           3.61726E-10
      3.54102E+03           3.60822E-10
      3.54297E+03           2.87400E-10
      3.54492E+03           3.37867E-10
      3.54688E+03           3.38262E-10
      3.54883E+03           2.84710E-10
      3.55078E+03           3.31031E-10
      3.55273E+03           3.17954E-10
      3.55469E+03           3.60528E-10
      3.55664E+03           3.62160E-10
      3.55859E+03           3.34344E-10
      3.56055E+03           3.38486E-10
      3.56250E+03           3.38454E-10
      3.56445E+03           3.28010E-10
      3.56641E+03           3.53151E-10
      3.56836E+03           3.16268E-10
      3.57031E+03           2.90528E-10
      3.57227E+03           3.37511E-10
      3.57422E+03           4.40370E-10
      3.57617E+03           3.17823E-10
      3.57813E+03           3.60675E-10
      3.58008E+03           3.21190E-10
      3.58203E+03           2.85118E-10
      3.58398E+03           2.87174E-10
      3.58594E+03           3.08641E-10
      3.58789E+03           2.46116E-10
      3.58984E+03           2.89478E-10
      3.59180E+03           2.70155E-10
      3.59375E+03           3.86644E-10
      3.59570E+03           3.54667E-10
      3.59766E+03           3.47714E-10
      3.59961E+03           3.46358E-10
      3.60156E+03           3.45717E-10
      3.60352E+03           3.24574E-10
      3.60547E+03           3.48855E-10
      3.60742E+03           3.26767E-10
      3.60938E+03           3.93371E-10
      3.61133E+03           3.18571E-10
      3.61328E+03           2.91568E-10
      3.61523E+03           3.49955E-10
      3.61719E+03           3.15709E-10
      3.61914E+03           2.94674E-10
      3.62109E+03           2.78005E-10
      3.62305E+03           3.44210E-10
      3.62500E+03           2.98177E-10
      3.62695E+03           3.04666E-10
      3.62891E+03           2.92983E-10
      3.63086E+03           2.60674E-10
      3.63281E+03           2.88054E-10
      3.63477E+03           2.90060E-10
      3.63672E+03           3.27784E-10
      3.63867E+03           2.80387E-10
      3.64063E+03           2.90954E-10
      3.64258E+03           3.40616E-10
      3.64453E+03           2.66207E-10
      3.64648E+03           3.12770E-10
      3.64844E+03           3.06431E-10
      3.65039E+03           2.97303E-10
      3.65234E+03           2.94057E-10
      3.65430E+03           2.98166E-10
      3.65625E+03           2.43034E-10
      3.65820E+03           3.07381E-10
      3.66016E+03           3.32788E-10
      3.66211E+03           3.12392E-10
      3.66406E+03           3.41376E-10
      3.66602E+03           3.06422E-10
      3.66797E+03           3.24486E-10
      3.66992E+03           3.07357E-10
      3.67188E+03           2.86656E-10
      3.67383E+03           2.41421E-10
      3.67578E+03           3.24701E-10
      3.67773E+03           3.58229E-10
      3.67969E+03           2.44906E-10
      3.68164E+03           3.01285E-10
      3.68359E+03           3.29775E-10
      3.68555E+03           2.76575E-10
      3.68750E+03           2.62931E-10
      3.68945E+03           2.86742E-10
      3.69141E+03           3.01063E-10
      3.69336E+03           2.63174E-10
      3.69531E+03           2.44357E-10
      3.69727E+03           2.69467E-10
      3.69922E+03           3.01062E-10
      3.70117E+03           2.82012E-10
      3.70313E+03           2.73376E-10
      3.70508E+03           2.45836E-10
      3.70703E+03           2.53900E-10
      3.70898E+03           2.65870E-10
      3.71094E+03           2.51410E-10
      3.71289E+03           3.15486E-10
      3.71484E+03           3.65470E-10
      3.71680E+03           2.54537E-10
      3.71875E+03           2.25526E-10
      3.72070E+03           2.82817E-10
      3.72266E+03           2.92327E-10
      3.72461E+03           2.20901E-10
      3.72656E+03           2.48842E-10
      3.72852E+03           2.45119E-10
      3.73047E+03           3.15901E-10
      3.73242E+03           2.92645E-10
      3.73438E+03           2.28478E-10
      3.73633E+03           2.60370E-10
      3.73828E+03           3.04899E-10
      3.74023E+03           2.55136E-10
      3.74219E+03           2.66109E-10
      3.74414E+03           2.42725E-10
      3.74609E+03           3.07866E-10
      3.74805E+03           2.78228E-10
      3.75000E+03           3.16505E-10
      3.75195E+03           3.25106E-10
      3.75391E+03           2.98808E-10
      3.75586E+03           3.34884E-10
      3.75781E+03           2.95181E-10
      3.75977E+03           3.20543E-10
      3.76172E+03           2.64791E-10
      3.76367E+03           2.05030E-10
      3.76563E+03           2.32474E-10
      3.76758E+03           3.03439E-10
      3.76953E+03           2.32375E-10
      3.77148E+03           2.72016E-10
      3.77344E+03           2.86838E-10
      3.77539E+03           2.78079E-10
      3.77734E+03           2.91093E-10
      3.77930E+03           2.87777E-10
      3.78125E+03           2.49112E-10
      3.78320E+03           2.55843E-10
      3.78516E+03           3.42490E-10
      3.78711E+03           2.65257E-10
      3.78906E+03           3.00381E-10
      3.79102E+03           2.11106E-10
      3.79297E+03           3.05891E-10
      3.79492E+03           2.92856E-10
      3.79688E+03           2.13178E-10
      3.79883E+03           2.44604E-10
      3.80078E+03           2.73723E-10
      3.80273E+03           2.87959E-10
      3.80469E+03           2.72196E-10
      3.80664E+03           2.83076E-10
      3.80859E+03           2.62792E-10
      3.81055E+03           2.69942E-10
      3.81250E+03           3.07397E-10
      3.81445E+03           2.38797E-10
      3.81641E+03           2.16845E-10
      3.81836E+03           3.51451E-10
      3.82031E+03           2.41732E-10
      3.82227E+03           2.43801E-10
      3.82422E+03           2.88023E-10
      3.82617E+03           2.87328E-10
      3.82813E+03           2.82906E-10
      3.83008E+03           3.12709E-10
      3.83203E+03           3.70610E-10
      3.83398E+03           4.20853E-10
      3.83594E+03           6.02342E-10
      3.83789E+03           5.58192E-10
      3.83984E+03           3.92117E-10
      3.84180E+03           2.89645E-10
      3.84375E+03           2.95077E-10
      3.84570E+03           2.75280E-10
      3.84766E+03           2.88274E-10
      3.84961E+03           2.78976E-10
      3.85156E+03           2.58913E-10
      3.85352E+03           2.14540E-10
      3.85547E+03           2.82509E-10
      3.85742E+03           2.90630E-10
      3.85938E+03           2.76728E-10
      3.86133E+03           2.97813E-10
      3.86328E+03           2.34558E-10
      3.86523E+03           2.77517E-10
      3.86719E+03           2.54102E-10
      3.86914E+03           2.40719E-10
      3.87109E+03           2.77024E-10
      3.87305E+03           2.60682E-10
      3.87500E+03           2.63346E-10
      3.87695E+03           2.62617E-10
      3.87891E+03           2.57629E-10
      3.88086E+03           2.15014E-10
      3.88281E+03           2.68646E-10
      3.88477E+03           3.01684E-10
      3.88672E+03           2.63605E-10
      3.88867E+03           3.10007E-10
      3.89063E+03           2.33356E-10
      3.89258E+03           3.18163E-10
      3.89453E+03           2.66277E-10
      3.89648E+03           3.29519E-10
      3.89844E+03           3.23599E-10
      3.90039E+03           2.59356E-10
      3.90234E+03           2.74070E-10
      3.90430E+03           2.26512E-10
      3.90625E+03           2.52177E-10
      3.90820E+03           2.83275E-10
      3.91016E+03           2.58245E-10
      3.91211E+03           2.64986E-10
      3.91406E+03           2.40825E-10
      3.91602E+03           3.01913E-10
      3.91797E+03           2.66328E-10
      3.91992E+03           2.48097E-10
      3.92188E+03           2.57614E-10
      3.92383E+03           2.58977E-10
      3.92578E+03           2.65425E-10
      3.92773E+03           2.21264E-10
      3.92969E+03           2.84142E-10
      3.93164E+03           2.57867E-10
      3.93359E+03           2.33372E-10
      3.93555E+03           2.25717E-10
      3.93750E+03           2.53550E-10
      3.93945E+03           2.33146E-10
      3.94141E+03           2.43961E-10
      3.94336E+03           2.58214E-10
      3.94531E+03           2.94926E-10
      3.94727E+03           2.94297E-10
      3.94922E+03           3.11213E-10
      3.95117E+03           3.23237E-10
      3.95313E+03           2.89823E-10
      3.95508E+03           2.76669E-10
      3.95703E+03           2.62476E-10
      3.95898E+03           2.76144E-10
      3.96094E+03           3.38402E-10
      3.96289E+03           2.97678E-10
      3.96484E+03           2.83848E-10
      3.96680E+03           2.78586E-10
      3.96875E+03           3.09883E-10
      3.97070E+03           3.00428E-10
      3.97266E+03           2.74201E-10
      3.97461E+03           3.16838E-10
      3.97656E+03           3.05061E-10
      3.97852E+03           2.79494E-10
      3.98047E+03           3.09000E-10
      3.98242E+03           2.57330E-10
      3.98438E+03           2.35811E-10
      3.98633E+03           2.18330E-10
      3.98828E+03           2.67365E-10
      3.99023E+03           2.66755E-10
      3.99219E+03           3.25740E-10
      3.99414E+03           2.78485E-10
      3.99609E+03           3.17314E-10
      3.99805E+03           2.47610E-10
      4.00000E+03           3.59383E-10
