New buffer's length =     2048.00    
      2.93086E+00           4.16523E-03
      5.86172E+00           3.84550E-03
      8.79258E+00           3.38918E-03
      1.17234E+01           2.58465E-03
      1.46543E+01           2.22862E-03
      1.75852E+01           2.12591E-03
      2.05160E+01           1.70690E-03
      2.34469E+01           1.63576E-03
      2.63777E+01           1.67803E-03
      2.93086E+01           1.42881E-03
      3.22395E+01           1.18529E-03
      3.51703E+01           1.17387E-03
      3.81012E+01           1.07450E-03
      4.10320E+01           1.06857E-03
      4.39629E+01           1.05408E-03
      4.68938E+01           8.81922E-04
      4.98246E+01           9.46610E-04
      5.27555E+01           9.68754E-04
      5.56863E+01           8.64789E-04
      5.86172E+01           8.17110E-04
      6.15480E+01           7.18831E-04
      6.44789E+01           7.47929E-04
      6.74098E+01           5.54342E-04
      7.03406E+01           7.48949E-04
      7.32715E+01           5.98304E-04
      7.62023E+01           6.35889E-04
      7.91332E+01           6.57082E-04
      8.20641E+01           5.39589E-04
      8.49949E+01           4.63204E-04
      8.79258E+01           5.86776E-04
      9.08566E+01           4.76350E-04
      9.37875E+01           4.99665E-04
      9.67184E+01           5.35345E-04
      9.96492E+01           4.11833E-04
      1.02580E+02           3.69261E-04
      1.05511E+02           4.18357E-04
      1.08442E+02           4.12698E-04
      1.11373E+02           2.92116E-04
      1.14304E+02           3.35869E-04
      1.17234E+02           3.10279E-04
      1.20165E+02           2.68855E-04
      1.23096E+02           2.64213E-04
      1.26027E+02           2.61013E-04
      1.28958E+02           2.84962E-04
      1.31889E+02           2.72384E-04
      1.34820E+02           2.78143E-04
      1.37750E+02           2.53325E-04
      1.40681E+02           2.47653E-04
      1.43612E+02           2.55370E-04
      1.46543E+02           2.50700E-04
      1.49474E+02           2.44742E-04
      1.52405E+02           2.80816E-04
      1.55336E+02           2.22766E-04
      1.58266E+02           2.00006E-04
      1.61197E+02           2.22500E-04
      1.64128E+02           2.15376E-04
      1.67059E+02           2.11046E-04
      1.69990E+02           2.06411E-04
      1.72921E+02           2.19196E-04
      1.75852E+02           1.80932E-04
      1.78782E+02           1.73493E-04
      1.81713E+02           1.70075E-04
      1.84644E+02           1.49579E-04
      1.87575E+02           1.58764E-04
      1.90506E+02           1.39292E-04
      1.93437E+02           1.49549E-04
      1.96368E+02           1.52607E-04
      1.99298E+02           1.40138E-04
      2.02229E+02           1.40151E-04
      2.05160E+02           1.49011E-04
      2.08091E+02           1.85984E-04
      2.11022E+02           1.74056E-04
      2.13953E+02           1.42836E-04
      2.16884E+02           1.13298E-04
      2.19814E+02           1.30013E-04
      2.22745E+02           1.16098E-04
      2.25676E+02           1.45793E-04
      2.28607E+02           1.38692E-04
      2.31538E+02           1.16314E-04
      2.34469E+02           1.24296E-04
      2.37400E+02           1.02371E-04
      2.40330E+02           1.06942E-04
      2.43261E+02           1.44281E-04
      2.46192E+02           1.06575E-04
      2.49123E+02           9.34721E-05
      2.52054E+02           8.83447E-05
      2.54985E+02           1.09810E-04
      2.57916E+02           9.78073E-05
      2.60846E+02           8.67405E-05
      2.63777E+02           9.30398E-05
      2.66708E+02           8.94782E-05
      2.69639E+02           7.83005E-05
      2.72570E+02           7.44380E-05
      2.75501E+02           8.19057E-05
      2.78432E+02           7.29777E-05
      2.81362E+02           8.40500E-05
      2.84293E+02           7.30656E-05
      2.87224E+02           7.33127E-05
      2.90155E+02           6.63473E-05
      2.93086E+02           8.48580E-05
      2.96017E+02           8.09883E-05
      2.98948E+02           7.81286E-05
      3.01879E+02           8.04942E-05
      3.04809E+02           6.65999E-05
      3.07740E+02           7.06555E-05
      3.10671E+02           6.75325E-05
      3.13602E+02           6.78264E-05
      3.16533E+02           6.34351E-05
      3.19464E+02           6.85762E-05
      3.22395E+02           5.96629E-05
      3.25325E+02           5.54759E-05
      3.28256E+02           5.86886E-05
      3.31187E+02           6.52136E-05
      3.34118E+02           5.29205E-05
      3.37049E+02           5.27829E-05
      3.39980E+02           5.18020E-05
      3.42911E+02           5.48186E-05
      3.45841E+02           5.16729E-05
      3.48772E+02           5.18329E-05
      3.51703E+02           5.21980E-05
      3.54634E+02           4.70387E-05
      3.57565E+02           5.22747E-05
      3.60496E+02           4.43165E-05
      3.63427E+02           4.75071E-05
      3.66357E+02           4.64615E-05
      3.69288E+02           4.21672E-05
      3.72219E+02           4.50515E-05
      3.75150E+02           4.36352E-05
      3.78081E+02           3.94663E-05
      3.81012E+02           3.85253E-05
      3.83943E+02           3.85601E-05
      3.86873E+02           3.60587E-05
      3.89804E+02           4.19270E-05
      3.92735E+02           3.90435E-05
      3.95666E+02           3.65499E-05
      3.98597E+02           3.49881E-05
      4.01528E+02           3.77372E-05
      4.04459E+02           3.66925E-05
      4.07389E+02           3.90437E-05
      4.10320E+02           3.61425E-05
      4.13251E+02           3.80110E-05
      4.16182E+02           3.56727E-05
      4.19113E+02           3.25493E-05
      4.22044E+02           3.53664E-05
      4.24975E+02           2.71901E-05
      4.27905E+02           3.18598E-05
      4.30836E+02           3.02363E-05
      4.33767E+02           3.02113E-05
      4.36698E+02           2.83486E-05
      4.39629E+02           2.93695E-05
      4.42560E+02           2.84356E-05
      4.45491E+02           2.92507E-05
      4.48421E+02           2.86869E-05
      4.51352E+02           2.68153E-05
      4.54283E+02           2.43594E-05
      4.57214E+02           2.15731E-05
      4.60145E+02           2.54807E-05
      4.63076E+02           2.83577E-05
      4.66007E+02           2.34061E-05
      4.68938E+02           2.49084E-05
      4.71868E+02           2.17043E-05
      4.74799E+02           2.17729E-05
      4.77730E+02           2.40908E-05
      4.80661E+02           2.12304E-05
      4.83592E+02           1.98065E-05
      4.86523E+02           2.27021E-05
      4.89454E+02           2.07751E-05
      4.92384E+02           1.43140E-05
      4.95315E+02           2.21061E-05
      4.98246E+02           2.03067E-05
      5.01177E+02           1.98104E-05
      5.04108E+02           1.86433E-05
      5.07039E+02           1.99808E-05
      5.09970E+02           1.72928E-05
      5.12900E+02           2.06490E-05
      5.15831E+02           1.98991E-05
      5.18762E+02           1.82450E-05
      5.21693E+02           2.04443E-05
      5.24624E+02           1.64441E-05
      5.27555E+02           1.72988E-05
      5.30486E+02           1.57162E-05
      5.33416E+02           1.84793E-05
      5.36347E+02           1.43827E-05
      5.39278E+02           1.45030E-05
      5.42209E+02           1.46350E-05
      5.45140E+02           1.50429E-05
      5.48071E+02           1.49069E-05
      5.51002E+02           1.41708E-05
      5.53932E+02           1.64443E-05
      5.56863E+02           1.53771E-05
      5.59794E+02           1.55657E-05
      5.62725E+02           1.33801E-05
      5.65656E+02           1.40091E-05
      5.68587E+02           1.39612E-05
      5.71518E+02           1.34668E-05
      5.74448E+02           1.56748E-05
      5.77379E+02           1.61373E-05
      5.80310E+02           1.08706E-05
      5.83241E+02           1.11591E-05
      5.86172E+02           1.31306E-05
      5.89103E+02           1.38078E-05
      5.92034E+02           1.11711E-05
      5.94964E+02           1.45141E-05
      5.97895E+02           1.12737E-05
      6.00826E+02           1.09603E-05
      6.03757E+02           1.09877E-05
      6.06688E+02           1.01357E-05
      6.09619E+02           9.91660E-06
      6.12550E+02           1.14944E-05
      6.15480E+02           9.67857E-06
      6.18411E+02           1.14496E-05
      6.21342E+02           9.65851E-06
      6.24273E+02           1.01125E-05
      6.27204E+02           1.03200E-05
      6.30135E+02           9.99232E-06
      6.33066E+02           9.00180E-06
      6.35996E+02           9.46685E-06
      6.38927E+02           9.24202E-06
      6.41858E+02           1.02648E-05
      6.44789E+02           9.54340E-06
      6.47720E+02           8.69317E-06
      6.50651E+02           8.36403E-06
      6.53582E+02           9.90463E-06
      6.56512E+02           7.79740E-06
      6.59443E+02           8.69906E-06
      6.62374E+02           8.73745E-06
      6.65305E+02           9.41024E-06
      6.68236E+02           9.44756E-06
      6.71167E+02           7.17155E-06
      6.74098E+02           8.37373E-06
      6.77029E+02           7.22073E-06
      6.79959E+02           8.19290E-06
      6.82890E+02           8.21428E-06
      6.85821E+02           8.49619E-06
      6.88752E+02           8.68106E-06
      6.91683E+02           7.91722E-06
      6.94614E+02           7.37709E-06
      6.97545E+02           8.20104E-06
      7.00475E+02           8.57021E-06
      7.03406E+02           6.27795E-06
      7.06337E+02           6.49139E-06
      7.09268E+02           7.26389E-06
      7.12199E+02           5.48324E-06
      7.15130E+02           6.41208E-06
      7.18061E+02           6.69515E-06
      7.20991E+02           7.43720E-06
      7.23922E+02           6.84155E-06
      7.26853E+02           6.05297E-06
      7.29784E+02           7.33971E-06
      7.32715E+02           5.73073E-06
      7.35646E+02           6.45915E-06
      7.38577E+02           6.85228E-06
      7.41507E+02           5.69900E-06
      7.44438E+02           6.48332E-06
      7.47369E+02           5.15911E-06
      7.50300E+02           5.79209E-06
      7.53231E+02           4.79315E-06
      7.56162E+02           5.72356E-06
      7.59093E+02           4.09574E-06
      7.62023E+02           5.32982E-06
      7.64954E+02           5.88135E-06
      7.67885E+02           4.98212E-06
      7.70816E+02           4.61890E-06
      7.73747E+02           4.58983E-06
      7.76678E+02           4.66489E-06
      7.79609E+02           4.99021E-06
      7.82539E+02           4.78455E-06
      7.85470E+02           4.78217E-06
      7.88401E+02           4.66416E-06
      7.91332E+02           4.67763E-06
      7.94263E+02           4.87256E-06
      7.97194E+02           5.11340E-06
      8.00125E+02           4.95811E-06
      8.03055E+02           4.38458E-06
      8.05986E+02           3.90374E-06
      8.08917E+02           4.11636E-06
      8.11848E+02           4.39001E-06
      8.14779E+02           3.93389E-06
      8.17710E+02           4.05237E-06
      8.20641E+02           3.36267E-06
      8.23571E+02           3.57355E-06
      8.26502E+02           4.31140E-06
      8.29433E+02           4.33337E-06
      8.32364E+02           3.00336E-06
      8.35295E+02           3.72919E-06
      8.38226E+02           3.86218E-06
      8.41157E+02           3.62446E-06
      8.44088E+02           3.63632E-06
      8.47018E+02           3.82595E-06
      8.49949E+02           3.68666E-06
      8.52880E+02           2.93868E-06
      8.55811E+02           3.11432E-06
      8.58742E+02           2.98102E-06
      8.61673E+02           3.71873E-06
      8.64604E+02           3.64811E-06
      8.67534E+02           3.57547E-06
      8.70465E+02           3.20963E-06
      8.73396E+02           3.03037E-06
      8.76327E+02           2.77946E-06
      8.79258E+02           3.42779E-06
      8.82189E+02           2.53498E-06
      8.85120E+02           3.04991E-06
      8.88050E+02           2.74106E-06
      8.90981E+02           2.68523E-06
      8.93912E+02           2.58722E-06
      8.96843E+02           2.49568E-06
      8.99774E+02           2.83811E-06
      9.02705E+02           2.84285E-06
      9.05636E+02           3.22232E-06
      9.08566E+02           2.68217E-06
      9.11497E+02           2.57599E-06
      9.14428E+02           2.68508E-06
      9.17359E+02           2.16735E-06
      9.20290E+02           2.78393E-06
      9.23221E+02           2.33001E-06
      9.26152E+02           1.97492E-06
      9.29082E+02           2.55201E-06
      9.32013E+02           2.86647E-06
      9.34944E+02           2.27809E-06
      9.37875E+02           2.45477E-06
      9.40806E+02           2.63312E-06
      9.43737E+02           2.70490E-06
      9.46668E+02           2.26611E-06
      9.49598E+02           1.89088E-06
      9.52529E+02           2.58374E-06
      9.55460E+02           2.27849E-06
      9.58391E+02           1.93236E-06
      9.61322E+02           2.21497E-06
      9.64253E+02           2.31255E-06
      9.67184E+02           2.24272E-06
      9.70114E+02           1.75855E-06
      9.73045E+02           2.02762E-06
      9.75976E+02           1.89210E-06
      9.78907E+02           1.91243E-06
      9.81838E+02           1.89124E-06
      9.84769E+02           1.93903E-06
      9.87700E+02           1.98572E-06
      9.90630E+02           2.14875E-06
      9.93561E+02           1.79594E-06
      9.96492E+02           1.78059E-06
      9.99423E+02           1.67534E-06
      1.00235E+03           1.69195E-06
      1.00528E+03           2.09074E-06
      1.00822E+03           1.76456E-06
      1.01115E+03           1.85069E-06
      1.01408E+03           1.73362E-06
      1.01701E+03           2.00152E-06
      1.01994E+03           1.60099E-06
      1.02287E+03           1.80607E-06
      1.02580E+03           1.86177E-06
      1.02873E+03           1.84265E-06
      1.03166E+03           1.39418E-06
      1.03459E+03           1.49228E-06
      1.03752E+03           1.65456E-06
      1.04046E+03           1.43541E-06
      1.04339E+03           1.68499E-06
      1.04632E+03           1.74155E-06
      1.04925E+03           1.66158E-06
      1.05218E+03           1.49972E-06
      1.05511E+03           1.45386E-06
      1.05804E+03           1.43656E-06
      1.06097E+03           1.18862E-06
      1.06390E+03           1.31915E-06
      1.06683E+03           1.57166E-06
      1.06976E+03           1.30753E-06
      1.07269E+03           1.39691E-06
      1.07563E+03           1.32916E-06
      1.07856E+03           1.66780E-06
      1.08149E+03           1.38049E-06
      1.08442E+03           1.43853E-06
      1.08735E+03           1.43869E-06
      1.09028E+03           1.37837E-06
      1.09321E+03           1.26375E-06
      1.09614E+03           1.38704E-06
      1.09907E+03           1.18490E-06
      1.10200E+03           1.17125E-06
      1.10493E+03           1.04195E-06
      1.10786E+03           1.15712E-06
      1.11080E+03           1.10946E-06
      1.11373E+03           1.21718E-06
      1.11666E+03           9.37529E-07
      1.11959E+03           9.99728E-07
      1.12252E+03           1.16161E-06
      1.12545E+03           1.06987E-06
      1.12838E+03           1.10569E-06
      1.13131E+03           1.16804E-06
      1.13424E+03           1.06031E-06
      1.13717E+03           1.14932E-06
      1.14010E+03           9.22186E-07
      1.14304E+03           1.08924E-06
      1.14597E+03           1.02422E-06
      1.14890E+03           1.12478E-06
      1.15183E+03           9.93815E-07
      1.15476E+03           9.33200E-07
      1.15769E+03           9.89329E-07
      1.16062E+03           1.01015E-06
      1.16355E+03           9.14695E-07
      1.16648E+03           9.10496E-07
      1.16941E+03           9.85400E-07
      1.17234E+03           8.37161E-07
      1.17527E+03           1.01111E-06
      1.17821E+03           7.82423E-07
      1.18114E+03           8.64796E-07
      1.18407E+03           9.11460E-07
      1.18700E+03           7.91445E-07
      1.18993E+03           8.22520E-07
      1.19286E+03           7.55398E-07
      1.19579E+03           6.49635E-07
      1.19872E+03           8.60796E-07
      1.20165E+03           7.62087E-07
      1.20458E+03           7.14422E-07
      1.20751E+03           8.18311E-07
      1.21044E+03           8.40294E-07
      1.21338E+03           7.42397E-07
      1.21631E+03           6.89436E-07
      1.21924E+03           7.68709E-07
      1.22217E+03           8.35715E-07
      1.22510E+03           7.58659E-07
      1.22803E+03           7.15267E-07
      1.23096E+03           7.37253E-07
      1.23389E+03           6.80300E-07
      1.23682E+03           6.23922E-07
      1.23975E+03           6.50589E-07
      1.24268E+03           6.98854E-07
      1.24562E+03           5.70201E-07
      1.24855E+03           6.81444E-07
      1.25148E+03           7.58223E-07
      1.25441E+03           7.45501E-07
      1.25734E+03           6.77308E-07
      1.26027E+03           5.39293E-07
      1.26320E+03           6.64613E-07
      1.26613E+03           6.65846E-07
      1.26906E+03           5.71158E-07
      1.27199E+03           6.24286E-07
      1.27492E+03           6.13611E-07
      1.27785E+03           5.24353E-07
      1.28079E+03           5.67799E-07
      1.28372E+03           5.70713E-07
      1.28665E+03           6.43102E-07
      1.28958E+03           6.00470E-07
      1.29251E+03           4.98924E-07
      1.29544E+03           6.72971E-07
      1.29837E+03           5.33572E-07
      1.30130E+03           6.03438E-07
      1.30423E+03           5.44472E-07
      1.30716E+03           5.31778E-07
      1.31009E+03           5.51050E-07
      1.31303E+03           4.77594E-07
      1.31596E+03           5.45346E-07
      1.31889E+03           4.91507E-07
      1.32182E+03           4.20047E-07
      1.32475E+03           4.60591E-07
      1.32768E+03           5.23172E-07
      1.33061E+03           4.84395E-07
      1.33354E+03           5.28602E-07
      1.33647E+03           5.16631E-07
      1.33940E+03           4.70413E-07
      1.34233E+03           3.78023E-07
      1.34526E+03           5.04927E-07
      1.34820E+03           4.98768E-07
      1.35113E+03           4.64096E-07
      1.35406E+03           4.41088E-07
      1.35699E+03           3.69821E-07
      1.35992E+03           4.44382E-07
      1.36285E+03           4.35871E-07
      1.36578E+03           4.55816E-07
      1.36871E+03           4.65018E-07
      1.37164E+03           3.79469E-07
      1.37457E+03           4.59078E-07
      1.37750E+03           4.61927E-07
      1.38043E+03           4.60845E-07
      1.38337E+03           4.11577E-07
      1.38630E+03           4.36885E-07
      1.38923E+03           3.75711E-07
      1.39216E+03           3.57658E-07
      1.39509E+03           3.91138E-07
      1.39802E+03           4.15228E-07
      1.40095E+03           4.10604E-07
      1.40388E+03           3.74600E-07
      1.40681E+03           3.70779E-07
      1.40974E+03           3.99007E-07
      1.41267E+03           4.78941E-07
      1.41561E+03           4.29506E-07
      1.41854E+03           2.87008E-07
      1.42147E+03           3.94172E-07
      1.42440E+03           3.62836E-07
      1.42733E+03           3.26848E-07
      1.43026E+03           2.79272E-07
      1.43319E+03           3.65131E-07
      1.43612E+03           3.01754E-07
      1.43905E+03           3.53052E-07
      1.44198E+03           3.20261E-07
      1.44491E+03           3.14025E-07
      1.44784E+03           3.12330E-07
      1.45078E+03           3.23299E-07
      1.45371E+03           3.09002E-07
      1.45664E+03           3.23021E-07
      1.45957E+03           2.46056E-07
      1.46250E+03           2.87813E-07
      1.46543E+03           3.27214E-07
      1.46836E+03           2.56903E-07
      1.47129E+03           3.79352E-07
      1.47422E+03           2.99285E-07
      1.47715E+03           2.45169E-07
      1.48008E+03           2.89931E-07
      1.48301E+03           2.89213E-07
      1.48595E+03           2.89882E-07
      1.48888E+03           2.50526E-07
      1.49181E+03           2.77951E-07
      1.49474E+03           2.69065E-07
      1.49767E+03           2.88909E-07
      1.50060E+03           2.32922E-07
      1.50353E+03           2.84910E-07
      1.50646E+03           2.80788E-07
      1.50939E+03           2.55406E-07
      1.51232E+03           2.58220E-07
      1.51525E+03           2.05611E-07
      1.51819E+03           2.35906E-07
      1.52112E+03           2.59102E-07
      1.52405E+03           2.18941E-07
      1.52698E+03           2.38431E-07
      1.52991E+03           2.52029E-07
      1.53284E+03           2.02629E-07
      1.53577E+03           2.46806E-07
      1.53870E+03           2.03464E-07
      1.54163E+03           2.25026E-07
      1.54456E+03           2.02438E-07
      1.54749E+03           2.20493E-07
      1.55042E+03           2.24041E-07
      1.55336E+03           2.40739E-07
      1.55629E+03           2.48627E-07
      1.55922E+03           2.06680E-07
      1.56215E+03           1.98070E-07
      1.56508E+03           2.07367E-07
      1.56801E+03           1.62120E-07
      1.57094E+03           1.88322E-07
      1.57387E+03           2.38234E-07
      1.57680E+03           2.45626E-07
      1.57973E+03           1.91686E-07
      1.58266E+03           2.46969E-07
      1.58559E+03           1.93792E-07
      1.58853E+03           1.85578E-07
      1.59146E+03           1.75821E-07
      1.59439E+03           2.03120E-07
      1.59732E+03           1.78877E-07
      1.60025E+03           1.76813E-07
      1.60318E+03           1.66696E-07
      1.60611E+03           1.70961E-07
      1.60904E+03           1.59118E-07
      1.61197E+03           1.57938E-07
      1.61490E+03           2.00718E-07
      1.61783E+03           1.71561E-07
      1.62077E+03           2.94447E-07
      1.62370E+03           2.20769E-07
      1.62663E+03           1.61500E-07
      1.62956E+03           1.69070E-07
      1.63249E+03           1.71589E-07
      1.63542E+03           1.65448E-07
      1.63835E+03           1.73288E-07
      1.64128E+03           1.67168E-07
      1.64421E+03           1.44984E-07
      1.64714E+03           1.56779E-07
      1.65007E+03           1.29961E-07
      1.65300E+03           1.32800E-07
      1.65594E+03           1.50924E-07
      1.65887E+03           1.67984E-07
      1.66180E+03           1.56778E-07
      1.66473E+03           1.33515E-07
      1.66766E+03           1.26755E-07
      1.67059E+03           1.66377E-07
      1.67352E+03           1.66092E-07
      1.67645E+03           1.46317E-07
      1.67938E+03           1.05688E-07
      1.68231E+03           1.55189E-07
      1.68524E+03           1.57111E-07
      1.68818E+03           1.09682E-07
      1.69111E+03           1.54351E-07
      1.69404E+03           1.44122E-07
      1.69697E+03           1.27013E-07
      1.69990E+03           1.15534E-07
      1.70283E+03           1.25131E-07
      1.70576E+03           1.36359E-07
      1.70869E+03           1.49663E-07
      1.71162E+03           1.11120E-07
      1.71455E+03           1.19488E-07
      1.71748E+03           1.10515E-07
      1.72041E+03           1.35310E-07
      1.72335E+03           1.11086E-07
      1.72628E+03           1.01394E-07
      1.72921E+03           1.08487E-07
      1.73214E+03           1.16985E-07
      1.73507E+03           1.10060E-07
      1.73800E+03           1.12681E-07
      1.74093E+03           1.17729E-07
      1.74386E+03           1.28847E-07
      1.74679E+03           1.11993E-07
      1.74972E+03           1.17105E-07
      1.75265E+03           1.02873E-07
      1.75558E+03           1.08587E-07
      1.75852E+03           9.74560E-08
      1.76145E+03           9.91678E-08
      1.76438E+03           8.72810E-08
      1.76731E+03           9.49432E-08
      1.77024E+03           7.78675E-08
      1.77317E+03           8.97757E-08
      1.77610E+03           8.04273E-08
      1.77903E+03           9.08241E-08
      1.78196E+03           1.02997E-07
      1.78489E+03           9.15396E-08
      1.78782E+03           1.08833E-07
      1.79076E+03           1.11369E-07
      1.79369E+03           8.39403E-08
      1.79662E+03           9.16164E-08
      1.79955E+03           1.03373E-07
      1.80248E+03           9.08859E-08
      1.80541E+03           7.46391E-08
      1.80834E+03           7.99240E-08
      1.81127E+03           9.23761E-08
      1.81420E+03           9.45888E-08
      1.81713E+03           8.01142E-08
      1.82006E+03           9.56162E-08
      1.82299E+03           7.38909E-08
      1.82593E+03           7.52096E-08
      1.82886E+03           7.19610E-08
      1.83179E+03           8.55750E-08
      1.83472E+03           8.04888E-08
      1.83765E+03           8.76890E-08
      1.84058E+03           7.48298E-08
      1.84351E+03           8.36761E-08
      1.84644E+03           7.52640E-08
      1.84937E+03           8.72443E-08
      1.85230E+03           7.45031E-08
      1.85523E+03           8.17256E-08
      1.85816E+03           7.95143E-08
      1.86110E+03           8.21451E-08
      1.86403E+03           7.91822E-08
      1.86696E+03           7.62803E-08
      1.86989E+03           8.04956E-08
      1.87282E+03           7.32521E-08
      1.87575E+03           7.33855E-08
      1.87868E+03           6.57495E-08
      1.88161E+03           7.74486E-08
      1.88454E+03           6.86538E-08
      1.88747E+03           7.53042E-08
      1.89040E+03           5.92321E-08
      1.89334E+03           6.56815E-08
      1.89627E+03           7.73730E-08
      1.89920E+03           7.58286E-08
      1.90213E+03           5.88384E-08
      1.90506E+03           6.98975E-08
      1.90799E+03           7.54177E-08
      1.91092E+03           7.75918E-08
      1.91385E+03           7.23624E-08
      1.91678E+03           6.51795E-08
      1.91971E+03           6.12323E-08
      1.92264E+03           6.76213E-08
      1.92557E+03           6.25527E-08
      1.92851E+03           6.31711E-08
      1.93144E+03           7.28559E-08
      1.93437E+03           5.97675E-08
      1.93730E+03           7.26694E-08
      1.94023E+03           5.67876E-08
      1.94316E+03           6.15519E-08
      1.94609E+03           5.46793E-08
      1.94902E+03           6.33893E-08
      1.95195E+03           5.72643E-08
      1.95488E+03           5.45927E-08
      1.95781E+03           5.69362E-08
      1.96074E+03           5.71097E-08
      1.96368E+03           5.12302E-08
      1.96661E+03           5.68921E-08
      1.96954E+03           5.78305E-08
      1.97247E+03           5.72088E-08
      1.97540E+03           4.94329E-08
      1.97833E+03           5.92689E-08
      1.98126E+03           5.00742E-08
      1.98419E+03           5.11734E-08
      1.98712E+03           6.29306E-08
      1.99005E+03           4.93019E-08
      1.99298E+03           5.48609E-08
      1.99592E+03           5.06871E-08
      1.99885E+03           6.18740E-08
      2.00178E+03           5.38890E-08
      2.00471E+03           3.86961E-08
      2.00764E+03           5.57913E-08
      2.01057E+03           5.45927E-08
      2.01350E+03           4.65121E-08
      2.01643E+03           4.75897E-08
      2.01936E+03           5.28683E-08
      2.02229E+03           4.76930E-08
      2.02522E+03           5.41844E-08
      2.02815E+03           3.42143E-08
      2.03109E+03           4.86314E-08
      2.03402E+03           5.02144E-08
      2.03695E+03           4.42798E-08
      2.03988E+03           4.06311E-08
      2.04281E+03           4.02475E-08
      2.04574E+03           4.10284E-08
      2.04867E+03           4.09673E-08
      2.05160E+03           4.17862E-08
      2.05453E+03           3.81801E-08
      2.05746E+03           4.04541E-08
      2.06039E+03           4.27821E-08
      2.06332E+03           4.08051E-08
      2.06626E+03           3.57230E-08
      2.06919E+03           4.49847E-08
      2.07212E+03           3.73091E-08
      2.07505E+03           3.71495E-08
      2.07798E+03           4.42427E-08
      2.08091E+03           3.72186E-08
      2.08384E+03           4.16116E-08
      2.08677E+03           3.66364E-08
      2.08970E+03           4.10239E-08
      2.09263E+03           3.91562E-08
      2.09556E+03           3.54043E-08
      2.09850E+03           4.21185E-08
      2.10143E+03           3.86392E-08
      2.10436E+03           3.24045E-08
      2.10729E+03           4.07239E-08
      2.11022E+03           3.15114E-08
      2.11315E+03           4.12811E-08
      2.11608E+03           3.10226E-08
      2.11901E+03           3.41351E-08
      2.12194E+03           3.26630E-08
      2.12487E+03           4.10119E-08
      2.12780E+03           3.31789E-08
      2.13073E+03           3.48961E-08
      2.13367E+03           3.72659E-08
      2.13660E+03           2.95430E-08
      2.13953E+03           3.12746E-08
      2.14246E+03           3.36288E-08
      2.14539E+03           3.04739E-08
      2.14832E+03           3.37723E-08
      2.15125E+03           3.14250E-08
      2.15418E+03           3.33143E-08
      2.15711E+03           3.34534E-08
      2.16004E+03           3.10672E-08
      2.16297E+03           3.16285E-08
      2.16591E+03           3.12653E-08
      2.16884E+03           2.52682E-08
      2.17177E+03           3.16197E-08
      2.17470E+03           2.48254E-08
      2.17763E+03           3.51097E-08
      2.18056E+03           2.81152E-08
      2.18349E+03           2.74677E-08
      2.18642E+03           3.03557E-08
      2.18935E+03           3.13129E-08
      2.19228E+03           3.07548E-08
      2.19521E+03           3.17000E-08
      2.19814E+03           2.59088E-08
      2.20108E+03           3.00285E-08
      2.20401E+03           3.07684E-08
      2.20694E+03           2.44773E-08
      2.20987E+03           2.26035E-08
      2.21280E+03           2.56428E-08
      2.21573E+03           2.80755E-08
      2.21866E+03           2.41708E-08
      2.22159E+03           2.54105E-08
      2.22452E+03           2.83983E-08
      2.22745E+03           2.53869E-08
      2.23038E+03           2.99377E-08
      2.23331E+03           2.55240E-08
      2.23625E+03           2.46175E-08
      2.23918E+03           2.59395E-08
      2.24211E+03           2.42822E-08
      2.24504E+03           2.49620E-08
      2.24797E+03           2.42665E-08
      2.25090E+03           2.46029E-08
      2.25383E+03           2.25361E-08
      2.25676E+03           2.22060E-08
      2.25969E+03           2.34923E-08
      2.26262E+03           2.50328E-08
      2.26555E+03           2.04536E-08
      2.26849E+03           2.39547E-08
      2.27142E+03           2.38539E-08
      2.27435E+03           1.98659E-08
      2.27728E+03           2.25141E-08
      2.28021E+03           2.20316E-08
      2.28314E+03           2.32556E-08
      2.28607E+03           2.03476E-08
      2.28900E+03           2.17797E-08
      2.29193E+03           1.92432E-08
      2.29486E+03           2.47259E-08
      2.29779E+03           2.14974E-08
      2.30072E+03           2.20468E-08
      2.30366E+03           2.02422E-08
      2.30659E+03           2.18400E-08
      2.30952E+03           2.34033E-08
      2.31245E+03           2.11636E-08
      2.31538E+03           2.30400E-08
      2.31831E+03           1.96448E-08
      2.32124E+03           2.17613E-08
      2.32417E+03           2.27849E-08
      2.32710E+03           1.80084E-08
      2.33003E+03           1.45707E-08
      2.33296E+03           1.82207E-08
      2.33589E+03           1.88160E-08
      2.33883E+03           1.94061E-08
      2.34176E+03           1.77312E-08
      2.34469E+03           2.10418E-08
      2.34762E+03           1.67729E-08
      2.35055E+03           1.99625E-08
      2.35348E+03           2.03231E-08
      2.35641E+03           1.91718E-08
      2.35934E+03           1.72113E-08
      2.36227E+03           2.18747E-08
      2.36520E+03           2.22498E-08
      2.36813E+03           1.95882E-08
      2.37107E+03           1.76534E-08
      2.37400E+03           1.49014E-08
      2.37693E+03           1.84236E-08
      2.37986E+03           2.02372E-08
      2.38279E+03           1.69175E-08
      2.38572E+03           1.45148E-08
      2.38865E+03           1.63336E-08
      2.39158E+03           1.66061E-08
      2.39451E+03           1.42573E-08
      2.39744E+03           1.69510E-08
      2.40037E+03           1.57467E-08
      2.40330E+03           1.65257E-08
      2.40624E+03           1.58128E-08
      2.40917E+03           1.62927E-08
      2.41210E+03           1.50173E-08
      2.41503E+03           1.43467E-08
      2.41796E+03           1.73763E-08
      2.42089E+03           1.78596E-08
      2.42382E+03           1.47800E-08
      2.42675E+03           1.50279E-08
      2.42968E+03           1.69115E-08
      2.43261E+03           1.63399E-08
      2.43554E+03           1.45173E-08
      2.43848E+03           1.70295E-08
      2.44141E+03           1.40178E-08
      2.44434E+03           1.39480E-08
      2.44727E+03           1.12754E-08
      2.45020E+03           1.37762E-08
      2.45313E+03           1.49306E-08
      2.45606E+03           1.59975E-08
      2.45899E+03           1.75910E-08
      2.46192E+03           1.22987E-08
      2.46485E+03           1.65609E-08
      2.46778E+03           1.44508E-08
      2.47071E+03           1.56503E-08
      2.47365E+03           1.25824E-08
      2.47658E+03           1.50018E-08
      2.47951E+03           1.12287E-08
      2.48244E+03           1.49317E-08
      2.48537E+03           1.36896E-08
      2.48830E+03           1.15399E-08
      2.49123E+03           1.39862E-08
      2.49416E+03           1.17566E-08
      2.49709E+03           1.31061E-08
      2.50002E+03           1.17034E-08
      2.50295E+03           1.42695E-08
      2.50588E+03           1.16937E-08
      2.50882E+03           1.16157E-08
      2.51175E+03           1.08373E-08
      2.51468E+03           1.12994E-08
      2.51761E+03           1.35239E-08
      2.52054E+03           1.19802E-08
      2.52347E+03           1.18324E-08
      2.52640E+03           1.13670E-08
      2.52933E+03           1.00082E-08
      2.53226E+03           1.11224E-08
      2.53519E+03           1.28827E-08
      2.53812E+03           1.04568E-08
      2.54106E+03           1.04606E-08
      2.54399E+03           1.26350E-08
      2.54692E+03           1.08812E-08
      2.54985E+03           1.00368E-08
      2.55278E+03           1.09935E-08
      2.55571E+03           1.09463E-08
      2.55864E+03           8.96283E-09
      2.56157E+03           9.89330E-09
      2.56450E+03           8.38486E-09
      2.56743E+03           9.37443E-09
      2.57036E+03           1.06324E-08
      2.57329E+03           1.12135E-08
      2.57623E+03           9.50960E-09
      2.57916E+03           1.19879E-08
      2.58209E+03           8.79854E-09
      2.58502E+03           9.25293E-09
      2.58795E+03           1.02040E-08
      2.59088E+03           1.01412E-08
      2.59381E+03           8.82143E-09
      2.59674E+03           9.94576E-09
      2.59967E+03           1.00594E-08
      2.60260E+03           9.90309E-09
      2.60553E+03           9.96638E-09
      2.60846E+03           1.07675E-08
      2.61140E+03           1.02115E-08
      2.61433E+03           1.15435E-08
      2.61726E+03           1.19387E-08
      2.62019E+03           9.47791E-09
      2.62312E+03           9.84659E-09
      2.62605E+03           8.50037E-09
      2.62898E+03           8.75813E-09
      2.63191E+03           8.46571E-09
      2.63484E+03           1.09557E-08
      2.63777E+03           1.06955E-08
      2.64070E+03           9.36406E-09
      2.64364E+03           8.87976E-09
      2.64657E+03           8.91010E-09
      2.64950E+03           1.01499E-08
      2.65243E+03           7.53058E-09
      2.65536E+03           7.40769E-09
      2.65829E+03           8.21108E-09
      2.66122E+03           7.66321E-09
      2.66415E+03           8.28762E-09
      2.66708E+03           8.32822E-09
      2.67001E+03           8.03199E-09
      2.67294E+03           9.31354E-09
      2.67587E+03           8.90496E-09
      2.67881E+03           7.40865E-09
      2.68174E+03           8.90723E-09
      2.68467E+03           6.34354E-09
      2.68760E+03           6.86451E-09
      2.69053E+03           7.02529E-09
      2.69346E+03           7.08968E-09
      2.69639E+03           7.71413E-09
      2.69932E+03           8.43350E-09
      2.70225E+03           6.50229E-09
      2.70518E+03           6.80190E-09
      2.70811E+03           8.75772E-09
      2.71104E+03           7.04416E-09
      2.71398E+03           6.03268E-09
      2.71691E+03           6.14231E-09
      2.71984E+03           6.97653E-09
      2.72277E+03           6.09038E-09
      2.72570E+03           6.08374E-09
      2.72863E+03           5.26759E-09
      2.73156E+03           7.61393E-09
      2.73449E+03           6.74823E-09
      2.73742E+03           6.04235E-09
      2.74035E+03           6.38492E-09
      2.74328E+03           6.61762E-09
      2.74622E+03           5.62328E-09
      2.74915E+03           6.38401E-09
      2.75208E+03           5.58844E-09
      2.75501E+03           5.80431E-09
      2.75794E+03           5.84779E-09
      2.76087E+03           4.84173E-09
      2.76380E+03           5.65105E-09
      2.76673E+03           6.80245E-09
      2.76966E+03           6.53297E-09
      2.77259E+03           6.37584E-09
      2.77552E+03           6.78080E-09
      2.77845E+03           5.70298E-09
      2.78139E+03           6.22855E-09
      2.78432E+03           5.04108E-09
      2.78725E+03           5.58235E-09
      2.79018E+03           5.43427E-09
      2.79311E+03           5.61739E-09
      2.79604E+03           4.60450E-09
      2.79897E+03           6.50448E-09
      2.80190E+03           4.66281E-09
      2.80483E+03           5.41222E-09
      2.80776E+03           5.51834E-09
      2.81069E+03           5.99755E-09
      2.81363E+03           4.92162E-09
      2.81656E+03           5.93333E-09
      2.81949E+03           5.58016E-09
      2.82242E+03           5.01329E-09
      2.82535E+03           4.77242E-09
      2.82828E+03           4.84096E-09
      2.83121E+03           5.46279E-09
      2.83414E+03           5.22271E-09
      2.83707E+03           4.33924E-09
      2.84000E+03           5.08325E-09
      2.84293E+03           4.91239E-09
      2.84586E+03           5.51595E-09
      2.84880E+03           6.39013E-09
      2.85173E+03           5.35537E-09
      2.85466E+03           4.91144E-09
      2.85759E+03           4.48833E-09
      2.86052E+03           5.21691E-09
      2.86345E+03           4.38023E-09
      2.86638E+03           4.50372E-09
      2.86931E+03           4.88147E-09
      2.87224E+03           4.76300E-09
      2.87517E+03           4.52993E-09
      2.87810E+03           3.33998E-09
      2.88103E+03           4.45912E-09
      2.88397E+03           4.00991E-09
      2.88690E+03           4.07217E-09
      2.88983E+03           4.71390E-09
      2.89276E+03           4.63060E-09
      2.89569E+03           4.21997E-09
      2.89862E+03           3.76621E-09
      2.90155E+03           4.61005E-09
      2.90448E+03           4.54435E-09
      2.90741E+03           3.82979E-09
      2.91034E+03           4.44431E-09
      2.91327E+03           3.67427E-09
      2.91621E+03           4.55315E-09
      2.91914E+03           4.82608E-09
      2.92207E+03           4.05024E-09
      2.92500E+03           3.71252E-09
      2.92793E+03           4.54945E-09
      2.93086E+03           4.83970E-09
      2.93379E+03           4.55576E-09
      2.93672E+03           4.61862E-09
      2.93965E+03           4.78821E-09
      2.94258E+03           3.92878E-09
      2.94551E+03           3.82695E-09
      2.94844E+03           3.28396E-09
      2.95138E+03           3.96684E-09
      2.95431E+03           3.37001E-09
      2.95724E+03           4.19367E-09
      2.96017E+03           3.21870E-09
      2.96310E+03           3.35593E-09
      2.96603E+03           3.48393E-09
      2.96896E+03           3.79711E-09
      2.97189E+03           3.24349E-09
      2.97482E+03           3.60780E-09
      2.97775E+03           3.72703E-09
      2.98068E+03           3.57716E-09
      2.98361E+03           3.50975E-09
      2.98655E+03           3.79004E-09
      2.98948E+03           3.08184E-09
      2.99241E+03           3.59787E-09
      2.99534E+03           3.51967E-09
      2.99827E+03           3.68017E-09
      3.00120E+03           3.95450E-09
      3.00413E+03           3.28294E-09
      3.00706E+03           3.69339E-09
      3.00999E+03           3.66449E-09
      3.01292E+03           4.09041E-09
      3.01585E+03           3.43382E-09
      3.01879E+03           3.69123E-09
      3.02172E+03           3.21592E-09
      3.02465E+03           3.18205E-09
      3.02758E+03           3.20475E-09
      3.03051E+03           3.20738E-09
      3.03344E+03           2.98537E-09
      3.03637E+03           3.10449E-09
      3.03930E+03           2.84143E-09
      3.04223E+03           3.03380E-09
      3.04516E+03           2.80750E-09
      3.04809E+03           2.90220E-09
      3.05102E+03           2.87563E-09
      3.05396E+03           3.04964E-09
      3.05689E+03           2.69560E-09
      3.05982E+03           3.60404E-09
      3.06275E+03           3.37165E-09
      3.06568E+03           3.23747E-09
      3.06861E+03           2.59477E-09
      3.07154E+03           3.28987E-09
      3.07447E+03           2.31732E-09
      3.07740E+03           2.65088E-09
      3.08033E+03           3.21041E-09
      3.08326E+03           2.52505E-09
      3.08619E+03           3.09077E-09
      3.08913E+03           2.70977E-09
      3.09206E+03           2.68410E-09
      3.09499E+03           2.67236E-09
      3.09792E+03           2.50686E-09
      3.10085E+03           2.85555E-09
      3.10378E+03           2.04616E-09
      3.10671E+03           2.75990E-09
      3.10964E+03           2.53743E-09
      3.11257E+03           2.46371E-09
      3.11550E+03           2.60074E-09
      3.11843E+03           2.74187E-09
      3.12137E+03           2.73193E-09
      3.12430E+03           2.47920E-09
      3.12723E+03           2.65323E-09
      3.13016E+03           2.76079E-09
      3.13309E+03           2.71322E-09
      3.13602E+03           3.03030E-09
      3.13895E+03           2.80893E-09
      3.14188E+03           2.63586E-09
      3.14481E+03           2.09380E-09
      3.14774E+03           2.23243E-09
      3.15067E+03           2.51241E-09
      3.15360E+03           2.21203E-09
      3.15654E+03           2.44427E-09
      3.15947E+03           2.47649E-09
      3.16240E+03           2.16655E-09
      3.16533E+03           2.16339E-09
      3.16826E+03           2.40356E-09
      3.17119E+03           2.19727E-09
      3.17412E+03           2.34847E-09
      3.17705E+03           1.94248E-09
      3.17998E+03           2.58901E-09
      3.18291E+03           2.57364E-09
      3.18584E+03           2.40469E-09
      3.18877E+03           2.40766E-09
      3.19171E+03           2.07302E-09
      3.19464E+03           2.19846E-09
      3.19757E+03           2.34626E-09
      3.20050E+03           2.46453E-09
      3.20343E+03           1.95281E-09
      3.20636E+03           2.37236E-09
      3.20929E+03           1.73506E-09
      3.21222E+03           2.13901E-09
      3.21515E+03           2.22417E-09
      3.21808E+03           2.02285E-09
      3.22101E+03           1.96423E-09
      3.22395E+03           2.08275E-09
      3.22688E+03           2.01626E-09
      3.22981E+03           2.00799E-09
      3.23274E+03           2.82619E-09
      3.23567E+03           3.22768E-09
      3.23860E+03           7.19279E-09
      3.24153E+03           2.48380E-08
      3.24446E+03           2.62001E-08
      3.24739E+03           5.66090E-09
      3.25032E+03           2.97606E-09
      3.25325E+03           2.29129E-09
      3.25618E+03           2.38015E-09
      3.25912E+03           1.77383E-09
      3.26205E+03           1.62804E-09
      3.26498E+03           2.07269E-09
      3.26791E+03           1.69266E-09
      3.27084E+03           2.05739E-09
      3.27377E+03           2.08600E-09
      3.27670E+03           2.18887E-09
      3.27963E+03           1.97058E-09
      3.28256E+03           1.80957E-09
      3.28549E+03           1.67178E-09
      3.28842E+03           1.90784E-09
      3.29136E+03           1.96816E-09
      3.29429E+03           2.15101E-09
      3.29722E+03           1.81214E-09
      3.30015E+03           2.13763E-09
      3.30308E+03           1.78596E-09
      3.30601E+03           2.37146E-09
      3.30894E+03           1.86117E-09
      3.31187E+03           2.09844E-09
      3.31480E+03           1.79545E-09
      3.31773E+03           1.47636E-09
      3.32066E+03           1.58749E-09
      3.32359E+03           1.60048E-09
      3.32653E+03           1.60621E-09
      3.32946E+03           1.49871E-09
      3.33239E+03           1.72848E-09
      3.33532E+03           1.74556E-09
      3.33825E+03           1.53285E-09
      3.34118E+03           1.54523E-09
      3.34411E+03           1.61156E-09
      3.34704E+03           1.35433E-09
      3.34997E+03           1.49722E-09
      3.35290E+03           1.77637E-09
      3.35583E+03           1.31094E-09
      3.35876E+03           1.41780E-09
      3.36170E+03           2.04912E-09
      3.36463E+03           1.85939E-09
      3.36756E+03           1.52169E-09
      3.37049E+03           1.40404E-09
      3.37342E+03           2.02321E-09
      3.37635E+03           1.85569E-09
      3.37928E+03           1.39867E-09
      3.38221E+03           1.64336E-09
      3.38514E+03           1.69724E-09
      3.38807E+03           1.73496E-09
      3.39100E+03           1.63803E-09
      3.39394E+03           1.45097E-09
      3.39687E+03           1.32355E-09
      3.39980E+03           1.67482E-09
      3.40273E+03           1.30136E-09
      3.40566E+03           1.45798E-09
      3.40859E+03           1.51359E-09
      3.41152E+03           1.28280E-09
      3.41445E+03           1.51733E-09
      3.41738E+03           1.66005E-09
      3.42031E+03           1.40791E-09
      3.42324E+03           1.52449E-09
      3.42617E+03           1.19991E-09
      3.42911E+03           1.29524E-09
      3.43204E+03           1.24896E-09
      3.43497E+03           1.15929E-09
      3.43790E+03           1.30684E-09
      3.44083E+03           1.23352E-09
      3.44376E+03           1.04071E-09
      3.44669E+03           1.19353E-09
      3.44962E+03           1.20468E-09
      3.45255E+03           1.27120E-09
      3.45548E+03           1.37828E-09
      3.45841E+03           1.43160E-09
      3.46134E+03           1.28624E-09
      3.46428E+03           1.28120E-09
      3.46721E+03           1.14201E-09
      3.47014E+03           1.38642E-09
      3.47307E+03           1.30574E-09
      3.47600E+03           1.15728E-09
      3.47893E+03           1.08877E-09
      3.48186E+03           1.25350E-09
      3.48479E+03           1.34121E-09
      3.48772E+03           1.29739E-09
      3.49065E+03           1.15731E-09
      3.49358E+03           1.38882E-09
      3.49652E+03           1.36964E-09
      3.49945E+03           1.18783E-09
      3.50238E+03           1.08126E-09
      3.50531E+03           1.06927E-09
      3.50824E+03           1.24378E-09
      3.51117E+03           1.37196E-09
      3.51410E+03           1.17246E-09
      3.51703E+03           1.17417E-09
      3.51996E+03           1.04441E-09
      3.52289E+03           1.10549E-09
      3.52582E+03           1.25340E-09
      3.52875E+03           1.30416E-09
      3.53169E+03           1.14007E-09
      3.53462E+03           1.02472E-09
      3.53755E+03           1.14502E-09
      3.54048E+03           1.36823E-09
      3.54341E+03           1.37818E-09
      3.54634E+03           1.20549E-09
      3.54927E+03           1.15373E-09
      3.55220E+03           1.08027E-09
      3.55513E+03           1.11316E-09
      3.55806E+03           8.31047E-10
      3.56099E+03           1.11136E-09
      3.56393E+03           9.23098E-10
      3.56686E+03           1.08032E-09
      3.56979E+03           1.12237E-09
      3.57272E+03           9.22842E-10
      3.57565E+03           1.04431E-09
      3.57858E+03           1.08291E-09
      3.58151E+03           1.08529E-09
      3.58444E+03           1.00690E-09
      3.58737E+03           1.06540E-09
      3.59030E+03           8.19752E-10
      3.59323E+03           8.30234E-10
      3.59616E+03           9.55588E-10
      3.59910E+03           9.85659E-10
      3.60203E+03           1.10769E-09
      3.60496E+03           9.53283E-10
      3.60789E+03           8.37858E-10
      3.61082E+03           1.05585E-09
      3.61375E+03           9.86973E-10
      3.61668E+03           1.07776E-09
      3.61961E+03           9.82313E-10
      3.62254E+03           9.97765E-10
      3.62547E+03           9.35398E-10
      3.62840E+03           9.83087E-10
      3.63133E+03           1.02174E-09
      3.63427E+03           8.65280E-10
      3.63720E+03           9.81723E-10
      3.64013E+03           8.15231E-10
      3.64306E+03           9.20482E-10
      3.64599E+03           9.99855E-10
      3.64892E+03           7.09556E-10
      3.65185E+03           8.45091E-10
      3.65478E+03           9.66764E-10
      3.65771E+03           9.75431E-10
      3.66064E+03           8.05544E-10
      3.66357E+03           8.99772E-10
      3.66651E+03           7.88374E-10
      3.66944E+03           7.41864E-10
      3.67237E+03           7.59995E-10
      3.67530E+03           9.31473E-10
      3.67823E+03           1.02543E-09
      3.68116E+03           9.17377E-10
      3.68409E+03           7.37126E-10
      3.68702E+03           9.52017E-10
      3.68995E+03           7.55851E-10
      3.69288E+03           8.66739E-10
      3.69581E+03           8.45598E-10
      3.69874E+03           6.82488E-10
      3.70168E+03           8.46324E-10
      3.70461E+03           6.93529E-10
      3.70754E+03           7.65001E-10
      3.71047E+03           9.38840E-10
      3.71340E+03           7.75191E-10
      3.71633E+03           7.12860E-10
      3.71926E+03           7.40425E-10
      3.72219E+03           7.93040E-10
      3.72512E+03           7.49571E-10
      3.72805E+03           7.48753E-10
      3.73098E+03           7.73502E-10
      3.73391E+03           7.22711E-10
      3.73685E+03           7.40667E-10
      3.73978E+03           6.34522E-10
      3.74271E+03           7.09550E-10
      3.74564E+03           7.46769E-10
      3.74857E+03           6.34096E-10
      3.75150E+03           7.15226E-10
      3.75443E+03           6.27317E-10
      3.75736E+03           7.15150E-10
      3.76029E+03           7.65186E-10
      3.76322E+03           6.30028E-10
      3.76615E+03           6.26612E-10
      3.76909E+03           6.11234E-10
      3.77202E+03           7.29550E-10
      3.77495E+03           6.58010E-10
      3.77788E+03           7.77989E-10
      3.78081E+03           6.52357E-10
      3.78374E+03           7.23139E-10
      3.78667E+03           5.62318E-10
      3.78960E+03           7.50051E-10
      3.79253E+03           7.67549E-10
      3.79546E+03           6.98627E-10
      3.79839E+03           6.78580E-10
      3.80132E+03           6.60081E-10
      3.80426E+03           7.32784E-10
      3.80719E+03           6.23611E-10
      3.81012E+03           6.32531E-10
      3.81305E+03           6.25450E-10
      3.81598E+03           5.68120E-10
      3.81891E+03           6.24094E-10
      3.82184E+03           5.92508E-10
      3.82477E+03           6.15275E-10
      3.82770E+03           5.79101E-10
      3.83063E+03           4.79852E-10
      3.83356E+03           5.15385E-10
      3.83649E+03           6.19820E-10
      3.83943E+03           5.14679E-10
      3.84236E+03           7.07672E-10
      3.84529E+03           7.44843E-10
      3.84822E+03           5.76544E-10
      3.85115E+03           4.87496E-10
      3.85408E+03           5.34745E-10
      3.85701E+03           6.70404E-10
      3.85994E+03           5.60646E-10
      3.86287E+03           5.08484E-10
      3.86580E+03           5.84651E-10
      3.86873E+03           6.51709E-10
      3.87167E+03           4.83600E-10
      3.87460E+03           6.20668E-10
      3.87753E+03           5.39306E-10
      3.88046E+03           6.06903E-10
      3.88339E+03           5.97165E-10
      3.88632E+03           6.63729E-10
      3.88925E+03           8.13128E-10
      3.89218E+03           9.57923E-10
      3.89511E+03           1.28718E-09
      3.89804E+03           9.91762E-10
      3.90097E+03           9.00367E-10
      3.90390E+03           8.86172E-10
      3.90684E+03           6.74540E-10
      3.90977E+03           6.39584E-10
      3.91270E+03           5.57301E-10
      3.91563E+03           5.37677E-10
      3.91856E+03           6.76827E-10
      3.92149E+03           5.48186E-10
      3.92442E+03           5.64064E-10
      3.92735E+03           4.97419E-10
      3.93028E+03           5.31409E-10
      3.93321E+03           5.10190E-10
      3.93614E+03           5.08132E-10
      3.93908E+03           5.46372E-10
      3.94201E+03           4.70724E-10
      3.94494E+03           4.65008E-10
      3.94787E+03           4.81437E-10
      3.95080E+03           6.30442E-10
      3.95373E+03           7.42761E-10
      3.95666E+03           6.45886E-10
      3.95959E+03           5.79480E-10
      3.96252E+03           5.86851E-10
      3.96545E+03           4.40429E-10
      3.96838E+03           5.00192E-10
      3.97131E+03           4.82969E-10
      3.97425E+03           5.12402E-10
      3.97718E+03           5.18951E-10
      3.98011E+03           4.90803E-10
      3.98304E+03           6.02477E-10
      3.98597E+03           4.58500E-10
      3.98890E+03           5.73390E-10
      3.99183E+03           5.31566E-10
      3.99476E+03           4.34287E-10
      3.99769E+03           4.83002E-10
      4.00062E+03           5.41413E-10
      4.00355E+03           4.27681E-10
      4.00648E+03           4.77107E-10
      4.00942E+03           4.88951E-10
      4.01235E+03           3.88170E-10
      4.01528E+03           4.43131E-10
      4.01821E+03           4.15291E-10
      4.02114E+03           5.25375E-10
      4.02407E+03           5.31237E-10
      4.02700E+03           5.32460E-10
      4.02993E+03           4.75956E-10
      4.03286E+03           4.93411E-10
      4.03579E+03           5.47257E-10
      4.03872E+03           4.87693E-10
      4.04166E+03           4.48064E-10
      4.04459E+03           4.59994E-10
      4.04752E+03           4.56496E-10
      4.05045E+03           3.68407E-10
      4.05338E+03           3.89299E-10
      4.05631E+03           4.18305E-10
      4.05924E+03           4.56449E-10
      4.06217E+03           3.67639E-10
      4.06510E+03           4.37295E-10
      4.06803E+03           4.21567E-10
      4.07096E+03           4.25578E-10
      4.07389E+03           4.16720E-10
      4.07683E+03           5.13875E-10
      4.07976E+03           5.10135E-10
      4.08269E+03           5.17959E-10
      4.08562E+03           4.64458E-10
      4.08855E+03           4.59639E-10
      4.09148E+03           4.03246E-10
      4.09441E+03           5.82024E-10
      4.09734E+03           4.89508E-10
      4.10027E+03           4.55716E-10
      4.10320E+03           4.26847E-10
      4.10613E+03           4.50725E-10
      4.10906E+03           4.58371E-10
      4.11200E+03           4.32100E-10
      4.11493E+03           4.54540E-10
      4.11786E+03           3.89655E-10
      4.12079E+03           4.31560E-10
      4.12372E+03           3.82686E-10
      4.12665E+03           4.51316E-10
      4.12958E+03           3.94135E-10
      4.13251E+03           3.85347E-10
      4.13544E+03           3.64953E-10
      4.13837E+03           4.18442E-10
      4.14130E+03           4.17085E-10
      4.14424E+03           3.88842E-10
      4.14717E+03           3.76237E-10
      4.15010E+03           4.53450E-10
      4.15303E+03           4.29741E-10
      4.15596E+03           3.59393E-10
      4.15889E+03           4.44952E-10
      4.16182E+03           3.95616E-10
      4.16475E+03           3.43173E-10
      4.16768E+03           3.58449E-10
      4.17061E+03           4.31899E-10
      4.17354E+03           3.81002E-10
      4.17647E+03           3.86902E-10
      4.17941E+03           4.60764E-10
      4.18234E+03           3.81599E-10
      4.18527E+03           4.09468E-10
      4.18820E+03           5.24475E-10
      4.19113E+03           4.20954E-10
      4.19406E+03           5.26090E-10
      4.19699E+03           4.54896E-10
      4.19992E+03           4.96501E-10
      4.20285E+03           4.84390E-10
      4.20578E+03           5.53063E-10
      4.20871E+03           5.93295E-10
      4.21164E+03           6.07453E-10
      4.21458E+03           5.57280E-10
      4.21751E+03           6.15448E-10
      4.22044E+03           4.41352E-10
      4.22337E+03           5.07302E-10
      4.22630E+03           4.99011E-10
      4.22923E+03           4.75484E-10
      4.23216E+03           3.98566E-10
      4.23509E+03           3.66037E-10
      4.23802E+03           3.28459E-10
      4.24095E+03           3.74904E-10
      4.24388E+03           3.79973E-10
      4.24682E+03           4.18253E-10
      4.24975E+03           3.23171E-10
      4.25268E+03           3.76788E-10
      4.25561E+03           3.78066E-10
      4.25854E+03           3.63691E-10
      4.26147E+03           3.72968E-10
      4.26440E+03           4.31532E-10
      4.26733E+03           3.44765E-10
      4.27026E+03           3.76384E-10
      4.27319E+03           3.39503E-10
      4.27612E+03           3.85680E-10
      4.27905E+03           3.53060E-10
      4.28199E+03           3.88841E-10
      4.28492E+03           3.73014E-10
      4.28785E+03           3.10315E-10
      4.29078E+03           3.64042E-10
      4.29371E+03           3.19325E-10
      4.29664E+03           3.03125E-10
      4.29957E+03           3.19121E-10
      4.30250E+03           3.16743E-10
      4.30543E+03           3.60918E-10
      4.30836E+03           2.89498E-10
      4.31129E+03           3.29946E-10
      4.31422E+03           3.98367E-10
      4.31716E+03           4.06201E-10
      4.32009E+03           3.65812E-10
      4.32302E+03           3.49142E-10
      4.32595E+03           3.88767E-10
      4.32888E+03           3.53475E-10
      4.33181E+03           3.67213E-10
      4.33474E+03           2.96430E-10
      4.33767E+03           3.26926E-10
      4.34060E+03           3.33370E-10
      4.34353E+03           3.51018E-10
      4.34646E+03           3.57033E-10
      4.34940E+03           3.37852E-10
      4.35233E+03           2.66106E-10
      4.35526E+03           3.53306E-10
      4.35819E+03           2.83535E-10
      4.36112E+03           3.17047E-10
      4.36405E+03           3.32104E-10
      4.36698E+03           2.95138E-10
      4.36991E+03           3.27137E-10
      4.37284E+03           3.79977E-10
      4.37577E+03           3.13762E-10
      4.37870E+03           3.03073E-10
      4.38163E+03           3.35416E-10
      4.38457E+03           3.45701E-10
      4.38750E+03           2.94902E-10
      4.39043E+03           3.39952E-10
      4.39336E+03           3.53859E-10
      4.39629E+03           3.64294E-10
      4.39922E+03           3.66820E-10
      4.40215E+03           4.00972E-10
      4.40508E+03           3.35409E-10
      4.40801E+03           2.89839E-10
      4.41094E+03           4.05557E-10
      4.41387E+03           3.14900E-10
      4.41681E+03           3.26666E-10
      4.41974E+03           3.49442E-10
      4.42267E+03           2.70805E-10
      4.42560E+03           4.02123E-10
      4.42853E+03           3.77040E-10
      4.43146E+03           3.04157E-10
      4.43439E+03           3.10609E-10
      4.43732E+03           3.26439E-10
      4.44025E+03           3.01648E-10
      4.44318E+03           2.97112E-10
      4.44611E+03           2.44140E-10
      4.44904E+03           3.62823E-10
      4.45198E+03           3.30790E-10
      4.45491E+03           2.90199E-10
      4.45784E+03           3.38562E-10
      4.46077E+03           2.60811E-10
      4.46370E+03           2.93107E-10
      4.46663E+03           3.23957E-10
      4.46956E+03           2.67262E-10
      4.47249E+03           2.79164E-10
      4.47542E+03           2.57119E-10
      4.47835E+03           3.32234E-10
      4.48128E+03           2.57991E-10
      4.48421E+03           2.73137E-10
      4.48715E+03           3.02787E-10
      4.49008E+03           3.20036E-10
      4.49301E+03           2.93439E-10
      4.49594E+03           3.60057E-10
      4.49887E+03           6.49075E-10
      4.50180E+03           3.34220E-09
      4.50473E+03           4.18741E-09
      4.50766E+03           5.54773E-10
      4.51059E+03           3.15062E-10
      4.51352E+03           2.71067E-10
      4.51645E+03           3.15160E-10
      4.51939E+03           2.68573E-10
      4.52232E+03           3.14235E-10
      4.52525E+03           3.34852E-10
      4.52818E+03           2.61809E-10
      4.53111E+03           2.88536E-10
      4.53404E+03           2.76239E-10
      4.53697E+03           2.95693E-10
      4.53990E+03           3.83405E-10
      4.54283E+03           3.86669E-10
      4.54576E+03           3.57823E-10
      4.54869E+03           3.50270E-10
      4.55162E+03           3.27455E-10
      4.55456E+03           4.22170E-10
      4.55749E+03           3.84572E-10
      4.56042E+03           3.38682E-10
      4.56335E+03           3.57911E-10
      4.56628E+03           3.21403E-10
      4.56921E+03           3.07130E-10
      4.57214E+03           2.87631E-10
      4.57507E+03           3.23794E-10
      4.57800E+03           3.28614E-10
      4.58093E+03           2.71286E-10
      4.58386E+03           2.89961E-10
      4.58679E+03           2.78338E-10
      4.58973E+03           3.10403E-10
      4.59266E+03           2.30925E-10
      4.59559E+03           2.45443E-10
      4.59852E+03           2.61573E-10
      4.60145E+03           2.37332E-10
      4.60438E+03           2.87343E-10
      4.60731E+03           2.67690E-10
      4.61024E+03           2.41912E-10
      4.61317E+03           2.46373E-10
      4.61610E+03           2.93795E-10
      4.61903E+03           2.28621E-10
      4.62197E+03           2.30804E-10
      4.62490E+03           2.16152E-10
      4.62783E+03           2.46399E-10
      4.63076E+03           2.60802E-10
      4.63369E+03           2.74020E-10
      4.63662E+03           2.77759E-10
      4.63955E+03           3.07953E-10
      4.64248E+03           2.21203E-10
      4.64541E+03           2.39179E-10
      4.64834E+03           2.66503E-10
      4.65127E+03           2.54754E-10
      4.65420E+03           2.45768E-10
      4.65714E+03           2.63251E-10
      4.66007E+03           3.00594E-10
      4.66300E+03           3.13174E-10
      4.66593E+03           2.48959E-10
      4.66886E+03           2.58272E-10
      4.67179E+03           4.15725E-10
      4.67472E+03           3.24720E-10
      4.67765E+03           2.79052E-10
      4.68058E+03           3.13008E-10
      4.68351E+03           2.58808E-10
      4.68644E+03           2.52534E-10
      4.68938E+03           2.45566E-10
      4.69231E+03           2.46746E-10
      4.69524E+03           2.46189E-10
      4.69817E+03           3.60650E-10
      4.70110E+03           4.16079E-10
      4.70403E+03           1.06739E-09
      4.70696E+03           1.03292E-09
      4.70989E+03           4.43555E-10
      4.71282E+03           3.04593E-10
      4.71575E+03           2.30343E-10
      4.71868E+03           2.42127E-10
      4.72161E+03           2.46242E-10
      4.72455E+03           2.30154E-10
      4.72748E+03           2.26338E-10
      4.73041E+03           2.37948E-10
      4.73334E+03           3.00392E-10
      4.73627E+03           2.11551E-10
      4.73920E+03           2.55963E-10
      4.74213E+03           2.15122E-10
      4.74506E+03           2.21465E-10
      4.74799E+03           2.02637E-10
      4.75092E+03           2.11702E-10
      4.75385E+03           2.23507E-10
      4.75678E+03           2.07280E-10
      4.75972E+03           2.14230E-10
      4.76265E+03           2.69370E-10
      4.76558E+03           2.77937E-10
      4.76851E+03           2.27113E-10
      4.77144E+03           2.33423E-10
      4.77437E+03           2.15212E-10
      4.77730E+03           2.41189E-10
      4.78023E+03           2.09614E-10
      4.78316E+03           1.92817E-10
      4.78609E+03           2.10405E-10
      4.78902E+03           2.46454E-10
      4.79196E+03           2.23153E-10
      4.79489E+03           2.11429E-10
      4.79782E+03           1.90994E-10
      4.80075E+03           2.37055E-10
      4.80368E+03           1.90169E-10
      4.80661E+03           2.29003E-10
      4.80954E+03           2.61393E-10
      4.81247E+03           2.14499E-10
      4.81540E+03           2.11038E-10
      4.81833E+03           2.09326E-10
      4.82126E+03           2.38168E-10
      4.82419E+03           2.08114E-10
      4.82713E+03           2.69623E-10
      4.83006E+03           2.15858E-10
      4.83299E+03           2.22537E-10
      4.83592E+03           2.39691E-10
      4.83885E+03           2.34109E-10
      4.84178E+03           1.94780E-10
      4.84471E+03           2.76710E-10
      4.84764E+03           1.79950E-10
      4.85057E+03           2.26825E-10
      4.85350E+03           2.67048E-10
      4.85643E+03           3.31633E-10
      4.85936E+03           5.24313E-10
      4.86230E+03           1.01672E-09
      4.86523E+03           1.32342E-09
      4.86816E+03           7.55645E-10
      4.87109E+03           3.29993E-10
      4.87402E+03           2.53932E-10
      4.87695E+03           2.59488E-10
      4.87988E+03           2.08519E-10
      4.88281E+03           2.11710E-10
      4.88574E+03           2.12757E-10
      4.88867E+03           1.99711E-10
      4.89160E+03           1.81349E-10
      4.89454E+03           2.15228E-10
      4.89747E+03           2.07761E-10
      4.90040E+03           2.14479E-10
      4.90333E+03           1.70085E-10
      4.90626E+03           2.19357E-10
      4.90919E+03           2.07078E-10
      4.91212E+03           1.52894E-10
      4.91505E+03           2.03082E-10
      4.91798E+03           2.18004E-10
      4.92091E+03           2.10576E-10
      4.92384E+03           2.23701E-10
      4.92677E+03           2.39999E-10
      4.92971E+03           2.29688E-10
      4.93264E+03           1.93952E-10
      4.93557E+03           2.35863E-10
      4.93850E+03           2.41264E-10
      4.94143E+03           2.64980E-10
      4.94436E+03           3.73147E-10
      4.94729E+03           3.14098E-10
      4.95022E+03           2.64009E-10
      4.95315E+03           2.05499E-10
      4.95608E+03           2.28163E-10
      4.95901E+03           2.21325E-10
      4.96194E+03           1.97281E-10
      4.96488E+03           1.96253E-10
      4.96781E+03           2.20542E-10
      4.97074E+03           2.09070E-10
      4.97367E+03           2.22257E-10
      4.97660E+03           2.03475E-10
      4.97953E+03           2.59961E-10
      4.98246E+03           2.30911E-10
      4.98539E+03           2.24625E-10
      4.98832E+03           2.13435E-10
      4.99125E+03           2.00853E-10
      4.99418E+03           2.56695E-10
      4.99712E+03           2.48119E-10
      5.00005E+03           2.29357E-10
      5.00298E+03           1.62897E-10
      5.00591E+03           2.31246E-10
      5.00884E+03           1.86059E-10
      5.01177E+03           2.59556E-10
      5.01470E+03           1.86308E-10
      5.01763E+03           2.52615E-10
      5.02056E+03           2.04006E-10
      5.02349E+03           2.19547E-10
      5.02642E+03           2.07355E-10
      5.02935E+03           1.97459E-10
      5.03229E+03           2.29858E-10
      5.03522E+03           2.13612E-10
      5.03815E+03           2.34740E-10
      5.04108E+03           2.27281E-10
      5.04401E+03           3.21684E-10
      5.04694E+03           4.42494E-10
      5.04987E+03           1.05566E-09
      5.05280E+03           1.72821E-09
      5.05573E+03           7.94134E-10
      5.05866E+03           4.09457E-10
      5.06159E+03           3.40674E-10
      5.06452E+03           2.96437E-10
      5.06746E+03           2.39109E-10
      5.07039E+03           2.18970E-10
      5.07332E+03           2.23130E-10
      5.07625E+03           1.69748E-10
      5.07918E+03           2.01658E-10
      5.08211E+03           1.90488E-10
      5.08504E+03           2.04939E-10
      5.08797E+03           1.91793E-10
      5.09090E+03           2.13693E-10
      5.09383E+03           1.78715E-10
      5.09676E+03           2.15266E-10
      5.09970E+03           2.26301E-10
      5.10263E+03           2.04023E-10
      5.10556E+03           2.11857E-10
      5.10849E+03           2.35106E-10
      5.11142E+03           1.89117E-10
      5.11435E+03           2.15207E-10
      5.11728E+03           1.83613E-10
      5.12021E+03           2.29673E-10
      5.12314E+03           1.73016E-10
      5.12607E+03           2.22031E-10
      5.12900E+03           1.82108E-10
      5.13193E+03           1.79514E-10
      5.13487E+03           1.84256E-10
      5.13780E+03           1.92749E-10
      5.14073E+03           1.77488E-10
      5.14366E+03           2.23459E-10
      5.14659E+03           2.45660E-10
      5.14952E+03           1.67932E-10
      5.15245E+03           1.59994E-10
      5.15538E+03           2.10752E-10
      5.15831E+03           2.22865E-10
      5.16124E+03           2.29675E-10
      5.16417E+03           1.89649E-10
      5.16711E+03           1.93690E-10
      5.17004E+03           1.61531E-10
      5.17297E+03           1.96686E-10
      5.17590E+03           2.23794E-10
      5.17883E+03           2.20049E-10
      5.18176E+03           2.36372E-10
      5.18469E+03           2.13017E-10
      5.18762E+03           1.92770E-10
      5.19055E+03           2.38471E-10
      5.19348E+03           2.15145E-10
      5.19641E+03           1.85424E-10
      5.19934E+03           1.86889E-10
      5.20228E+03           1.78001E-10
      5.20521E+03           1.85966E-10
      5.20814E+03           1.90179E-10
      5.21107E+03           2.01043E-10
      5.21400E+03           1.92442E-10
      5.21693E+03           2.26101E-10
      5.21986E+03           1.97039E-10
      5.22279E+03           2.17217E-10
      5.22572E+03           2.30506E-10
      5.22865E+03           1.98209E-10
      5.23158E+03           1.99667E-10
      5.23451E+03           1.99512E-10
      5.23745E+03           1.76818E-10
      5.24038E+03           2.24375E-10
      5.24331E+03           1.95895E-10
      5.24624E+03           2.06964E-10
      5.24917E+03           1.97181E-10
      5.25210E+03           2.01215E-10
      5.25503E+03           1.96715E-10
      5.25796E+03           2.09825E-10
      5.26089E+03           1.99392E-10
      5.26382E+03           1.42821E-10
      5.26675E+03           2.19956E-10
      5.26969E+03           1.86676E-10
      5.27262E+03           2.07363E-10
      5.27555E+03           2.03508E-10
      5.27848E+03           2.06285E-10
      5.28141E+03           1.67289E-10
      5.28434E+03           1.79982E-10
      5.28727E+03           2.00983E-10
      5.29020E+03           1.48812E-10
      5.29313E+03           1.84068E-10
      5.29606E+03           1.47729E-10
      5.29899E+03           1.86865E-10
      5.30192E+03           1.57322E-10
      5.30486E+03           1.72541E-10
      5.30779E+03           1.74581E-10
      5.31072E+03           1.63086E-10
      5.31365E+03           1.77669E-10
      5.31658E+03           2.32626E-10
      5.31951E+03           2.37660E-10
      5.32244E+03           2.04957E-10
      5.32537E+03           1.82245E-10
      5.32830E+03           2.03241E-10
      5.33123E+03           1.77344E-10
      5.33416E+03           2.23119E-10
      5.33709E+03           2.21026E-10
      5.34003E+03           2.01230E-10
      5.34296E+03           2.06969E-10
      5.34589E+03           2.33323E-10
      5.34882E+03           2.31009E-10
      5.35175E+03           2.48352E-10
      5.35468E+03           5.53099E-10
      5.35761E+03           9.92427E-10
      5.36054E+03           2.26808E-10
      5.36347E+03           1.76413E-10
      5.36640E+03           1.78410E-10
      5.36933E+03           1.84570E-10
      5.37227E+03           2.06133E-10
      5.37520E+03           1.89834E-10
      5.37813E+03           2.14332E-10
      5.38106E+03           2.06272E-10
      5.38399E+03           2.00954E-10
      5.38692E+03           1.98300E-10
      5.38985E+03           1.50674E-10
      5.39278E+03           1.85195E-10
      5.39571E+03           2.13210E-10
      5.39864E+03           2.72835E-10
      5.40157E+03           1.91474E-10
      5.40450E+03           1.93734E-10
      5.40744E+03           1.65129E-10
      5.41037E+03           2.00432E-10
      5.41330E+03           2.15967E-10
      5.41623E+03           3.42116E-10
      5.41916E+03           2.90692E-10
      5.42209E+03           1.92268E-10
      5.42502E+03           1.83962E-10
      5.42795E+03           2.11140E-10
      5.43088E+03           2.03568E-10
      5.43381E+03           2.11588E-10
      5.43674E+03           3.78875E-10
      5.43967E+03           1.88841E-10
      5.44261E+03           2.13208E-10
      5.44554E+03           2.00400E-10
      5.44847E+03           1.89949E-10
      5.45140E+03           2.20416E-10
      5.45433E+03           2.15048E-10
      5.45726E+03           2.43371E-10
      5.46019E+03           1.98922E-10
      5.46312E+03           1.88379E-10
      5.46605E+03           1.99835E-10
      5.46898E+03           2.13273E-10
      5.47191E+03           1.82349E-10
      5.47485E+03           1.92042E-10
      5.47778E+03           1.86581E-10
      5.48071E+03           1.80475E-10
      5.48364E+03           1.96127E-10
      5.48657E+03           1.99338E-10
      5.48950E+03           1.97272E-10
      5.49243E+03           1.96445E-10
      5.49536E+03           1.82312E-10
      5.49829E+03           1.88310E-10
      5.50122E+03           1.76146E-10
      5.50415E+03           1.96600E-10
      5.50708E+03           1.74483E-10
      5.51002E+03           2.91709E-10
      5.51295E+03           6.84422E-10
      5.51588E+03           1.10542E-09
      5.51881E+03           1.13357E-09
      5.52174E+03           9.11944E-10
      5.52467E+03           6.64886E-10
      5.52760E+03           3.73156E-10
      5.53053E+03           2.22846E-10
      5.53346E+03           2.37371E-10
      5.53639E+03           2.04553E-10
      5.53932E+03           2.21488E-10
      5.54226E+03           2.07176E-10
      5.54519E+03           1.73080E-10
      5.54812E+03           1.49197E-10
      5.55105E+03           1.85734E-10
      5.55398E+03           1.82794E-10
      5.55691E+03           1.68691E-10
      5.55984E+03           2.02218E-10
      5.56277E+03           1.77854E-10
      5.56570E+03           1.79463E-10
      5.56863E+03           1.46987E-10
      5.57156E+03           2.06187E-10
      5.57449E+03           2.27107E-10
      5.57743E+03           1.56150E-10
      5.58036E+03           1.91910E-10
      5.58329E+03           1.76813E-10
      5.58622E+03           1.94296E-10
      5.58915E+03           1.80363E-10
      5.59208E+03           1.83883E-10
      5.59501E+03           1.44868E-10
      5.59794E+03           2.00270E-10
      5.60087E+03           1.64123E-10
      5.60380E+03           1.66997E-10
      5.60673E+03           1.58903E-10
      5.60966E+03           1.98779E-10
      5.61260E+03           1.67331E-10
      5.61553E+03           1.62462E-10
      5.61846E+03           1.85944E-10
      5.62139E+03           2.07537E-10
      5.62432E+03           1.94531E-10
      5.62725E+03           1.83062E-10
      5.63018E+03           2.15717E-10
      5.63311E+03           1.77486E-10
      5.63604E+03           2.11787E-10
      5.63897E+03           2.08353E-10
      5.64190E+03           2.15293E-10
      5.64484E+03           2.22508E-10
      5.64777E+03           2.29582E-10
      5.65070E+03           2.04106E-10
      5.65363E+03           1.94553E-10
      5.65656E+03           2.07553E-10
      5.65949E+03           2.13137E-10
      5.66242E+03           2.10063E-10
      5.66535E+03           2.14995E-10
      5.66828E+03           1.85801E-10
      5.67121E+03           1.79088E-10
      5.67414E+03           1.72266E-10
      5.67707E+03           1.81214E-10
      5.68001E+03           1.72250E-10
      5.68294E+03           1.66311E-10
      5.68587E+03           2.14834E-10
      5.68880E+03           1.82305E-10
      5.69173E+03           1.78492E-10
      5.69466E+03           1.98535E-10
      5.69759E+03           1.91520E-10
      5.70052E+03           1.70702E-10
      5.70345E+03           1.83834E-10
      5.70638E+03           2.38640E-10
      5.70931E+03           2.04452E-10
      5.71224E+03           1.98797E-10
      5.71518E+03           2.08357E-10
      5.71811E+03           1.87089E-10
      5.72104E+03           1.80047E-10
      5.72397E+03           2.22875E-10
      5.72690E+03           2.24128E-10
      5.72983E+03           2.44606E-10
      5.73276E+03           2.75364E-10
      5.73569E+03           1.87694E-10
      5.73862E+03           1.98691E-10
      5.74155E+03           1.91411E-10
      5.74448E+03           1.75361E-10
      5.74742E+03           1.72298E-10
      5.75035E+03           2.18985E-10
      5.75328E+03           2.06575E-10
      5.75621E+03           2.14239E-10
      5.75914E+03           2.22003E-10
      5.76207E+03           1.87864E-10
      5.76500E+03           2.09000E-10
      5.76793E+03           2.11428E-10
      5.77086E+03           1.62327E-10
      5.77379E+03           1.78086E-10
      5.77672E+03           1.71564E-10
      5.77965E+03           1.88460E-10
      5.78259E+03           1.77234E-10
      5.78552E+03           2.06574E-10
      5.78845E+03           2.12460E-10
      5.79138E+03           1.85333E-10
      5.79431E+03           1.93813E-10
      5.79724E+03           1.85508E-10
      5.80017E+03           1.64511E-10
      5.80310E+03           2.26405E-10
      5.80603E+03           2.42912E-10
      5.80896E+03           2.07371E-10
      5.81189E+03           2.50712E-10
      5.81483E+03           2.75425E-10
      5.81776E+03           2.72685E-10
      5.82069E+03           2.71733E-10
      5.82362E+03           3.31385E-10
      5.82655E+03           3.19802E-10
      5.82948E+03           2.66538E-10
      5.83241E+03           3.23336E-10
      5.83534E+03           2.95775E-10
      5.83827E+03           3.15245E-10
      5.84120E+03           2.82976E-10
      5.84413E+03           2.80490E-10
      5.84706E+03           2.52487E-10
      5.85000E+03           2.32545E-10
      5.85293E+03           1.97407E-10
      5.85586E+03           1.88466E-10
      5.85879E+03           1.78029E-10
      5.86172E+03           1.88356E-10
      5.86465E+03           1.78062E-10
      5.86758E+03           2.08407E-10
      5.87051E+03           2.07154E-10
      5.87344E+03           2.02813E-10
      5.87637E+03           1.75852E-10
      5.87930E+03           1.82795E-10
      5.88223E+03           1.89618E-10
      5.88517E+03           2.07684E-10
      5.88810E+03           2.21864E-10
      5.89103E+03           2.16813E-10
      5.89396E+03           2.03648E-10
      5.89689E+03           1.83982E-10
      5.89982E+03           1.74537E-10
      5.90275E+03           1.86577E-10
      5.90568E+03           1.85971E-10
      5.90861E+03           2.30207E-10
      5.91154E+03           1.96274E-10
      5.91447E+03           1.78657E-10
      5.91741E+03           1.91787E-10
      5.92034E+03           1.86533E-10
      5.92327E+03           2.12281E-10
      5.92620E+03           2.00738E-10
      5.92913E+03           2.00157E-10
      5.93206E+03           1.83062E-10
      5.93499E+03           2.15480E-10
      5.93792E+03           2.23209E-10
      5.94085E+03           2.14246E-10
      5.94378E+03           2.77524E-10
      5.94671E+03           1.70611E-10
      5.94964E+03           1.94535E-10
      5.95258E+03           2.46669E-10
      5.95551E+03           2.01630E-10
      5.95844E+03           2.23448E-10
      5.96137E+03           1.88297E-10
      5.96430E+03           2.20890E-10
      5.96723E+03           1.93455E-10
      5.97016E+03           1.96869E-10
      5.97309E+03           1.60308E-10
      5.97602E+03           1.99770E-10
      5.97895E+03           1.64969E-10
      5.98188E+03           1.65625E-10
      5.98481E+03           1.74625E-10
      5.98775E+03           1.60411E-10
      5.99068E+03           1.57812E-10
      5.99361E+03           1.57008E-10
      5.99654E+03           1.75300E-10
      5.99947E+03           2.01335E-10
      6.00240E+03           1.77858E-10
